{
 "cells": [
  {
   "cell_type": "markdown",
   "metadata": {},
   "source": [
    "# 科学技術計算 4 レポート\n"
   ]
  },
  {
   "cell_type": "code",
   "execution_count": 4,
   "metadata": {},
   "outputs": [],
   "source": [
    "import math\n",
    "import cmath\n",
    "import numpy as np\n",
    "import scipy\n",
    "from typing import Tuple\n",
    "from tqdm.auto import tqdm\n",
    "\n",
    "rng = np.random.default_rng()"
   ]
  },
  {
   "cell_type": "markdown",
   "metadata": {},
   "source": [
    "## 課題04-1"
   ]
  },
  {
   "cell_type": "code",
   "execution_count": 40,
   "metadata": {},
   "outputs": [
    {
     "data": {
      "application/vnd.jupyter.widget-view+json": {
       "model_id": "664442714d614d15a49ab56803d3faed",
       "version_major": 2,
       "version_minor": 0
      },
      "text/plain": [
       "  0%|          | 0/50 [00:00<?, ?it/s]"
      ]
     },
     "metadata": {},
     "output_type": "display_data"
    },
    {
     "name": "stdout",
     "output_type": "stream",
     "text": [
      "A\n",
      "[[0.25404612 0.10992196]\n",
      " [0.14017944 0.39644687]]\n",
      "0-th row [0.25404612 0.10992196]\n",
      "A\n",
      "[[0.25404612 0.10992196]\n",
      " [0.14017944 0.39644687]]\n",
      "P\n",
      " [[1. 0.]\n",
      " [0. 1.]]\n",
      "A\n",
      "[[0.25404612 0.10992196]\n",
      " [0.         0.33579332]]\n",
      "L\n",
      "[[1.         0.        ]\n",
      " [0.55178737 1.        ]]\n",
      "U\n",
      "[[0.25404612 0.10992196]\n",
      " [0.         0.33579332]]\n",
      "P = [[1. 0.]\n",
      " [0. 1.]]\n",
      "L = [[1.         0.        ]\n",
      " [0.55178737 1.        ]]\n",
      "U = [[0.25404612 0.10992196]\n",
      " [0.         0.33579332]]\n",
      "LU\n",
      "[[0.25404612 0.10992196]\n",
      " [0.14017944 0.39644687]]\n",
      "A\n",
      "[[0.25404612 0.10992196]\n",
      " [0.14017944 0.39644687]]\n",
      "Psp =  [[1. 0.]\n",
      " [0. 1.]]\n",
      "Lsp =  [[1.         0.        ]\n",
      " [0.55178737 1.        ]]\n",
      "Usp =  [[0.25404612 0.10992196]\n",
      " [0.         0.33579332]]\n",
      "A\n",
      "[[0.53730428 0.77147232 0.1885836  0.60607743 0.14596521 0.15592645\n",
      "  0.81329713]\n",
      " [0.74570637 0.20294285 0.7638467  0.99455543 0.6489372  0.77653392\n",
      "  0.39335665]\n",
      " [0.70888549 0.68499788 0.06737669 0.56059102 0.75002801 0.08671539\n",
      "  0.7946971 ]\n",
      " [0.53533152 0.68279621 0.07619263 0.39238679 0.91132013 0.77536566\n",
      "  0.28285616]\n",
      " [0.54738581 0.92177154 0.42586463 0.11072655 0.1723958  0.59899372\n",
      "  0.23882889]\n",
      " [0.06933479 0.16098164 0.95642893 0.8361184  0.72003274 0.28235239\n",
      "  0.70513405]\n",
      " [0.86301587 0.87247982 0.3667339  0.50472009 0.44969709 0.93719033\n",
      "  0.73684054]]\n",
      "0-th row [0.53730428 0.77147232 0.1885836  0.60607743 0.14596521 0.15592645\n",
      " 0.81329713]\n",
      "A\n",
      "[[0.86301587 0.87247982 0.3667339  0.50472009 0.44969709 0.93719033\n",
      "  0.73684054]\n",
      " [0.74570637 0.20294285 0.7638467  0.99455543 0.6489372  0.77653392\n",
      "  0.39335665]\n",
      " [0.70888549 0.68499788 0.06737669 0.56059102 0.75002801 0.08671539\n",
      "  0.7946971 ]\n",
      " [0.53533152 0.68279621 0.07619263 0.39238679 0.91132013 0.77536566\n",
      "  0.28285616]\n",
      " [0.54738581 0.92177154 0.42586463 0.11072655 0.1723958  0.59899372\n",
      "  0.23882889]\n",
      " [0.06933479 0.16098164 0.95642893 0.8361184  0.72003274 0.28235239\n",
      "  0.70513405]\n",
      " [0.53730428 0.77147232 0.1885836  0.60607743 0.14596521 0.15592645\n",
      "  0.81329713]]\n",
      "P\n",
      " [[0. 0. 0. 0. 0. 0. 1.]\n",
      " [0. 1. 0. 0. 0. 0. 0.]\n",
      " [0. 0. 1. 0. 0. 0. 0.]\n",
      " [0. 0. 0. 1. 0. 0. 0.]\n",
      " [0. 0. 0. 0. 1. 0. 0.]\n",
      " [0. 0. 0. 0. 0. 1. 0.]\n",
      " [1. 0. 0. 0. 0. 0. 0.]]\n",
      "A\n",
      "[[ 0.86301587  0.87247982  0.3667339   0.50472009  0.44969709  0.93719033\n",
      "   0.73684054]\n",
      " [ 0.         -0.55094104  0.44696284  0.5584418   0.2603673  -0.03326439\n",
      "  -0.24332537]\n",
      " [ 0.         -0.03166134 -0.23386034  0.14601146  0.38064461 -0.68309736\n",
      "   0.18945265]\n",
      " [ 0.          0.14159418 -0.15129358  0.07930729  0.63237158  0.19402349\n",
      "  -0.17420839]\n",
      " [ 0.          0.36838303  0.19325601 -0.20940269 -0.11283395  0.00456121\n",
      "  -0.22852758]\n",
      " [ 0.          0.09088651  0.92696549  0.79556913  0.68390402  0.20705841\n",
      "   0.64593619]\n",
      " [ 0.          0.22827589 -0.03974093  0.2918442  -0.1340113  -0.42755803\n",
      "   0.35454824]]\n",
      "L\n",
      "[[1.         0.         0.         0.         0.         0.\n",
      "  0.        ]\n",
      " [0.86407029 1.         0.         0.         0.         0.\n",
      "  0.        ]\n",
      " [0.82140493 0.         1.         0.         0.         0.\n",
      "  0.        ]\n",
      " [0.62030321 0.         0.         1.         0.         0.\n",
      "  0.        ]\n",
      " [0.63427085 0.         0.         0.         1.         0.\n",
      "  0.        ]\n",
      " [0.08034011 0.         0.         0.         0.         1.\n",
      "  0.        ]\n",
      " [0.6225891  0.         0.         0.         0.         0.\n",
      "  1.        ]]\n",
      "1-th row [ 0.         -0.55094104  0.44696284  0.5584418   0.2603673  -0.03326439\n",
      " -0.24332537]\n",
      "A\n",
      "[[ 0.86301587  0.87247982  0.3667339   0.50472009  0.44969709  0.93719033\n",
      "   0.73684054]\n",
      " [ 0.         -0.55094104  0.44696284  0.5584418   0.2603673  -0.03326439\n",
      "  -0.24332537]\n",
      " [ 0.         -0.03166134 -0.23386034  0.14601146  0.38064461 -0.68309736\n",
      "   0.18945265]\n",
      " [ 0.          0.14159418 -0.15129358  0.07930729  0.63237158  0.19402349\n",
      "  -0.17420839]\n",
      " [ 0.          0.36838303  0.19325601 -0.20940269 -0.11283395  0.00456121\n",
      "  -0.22852758]\n",
      " [ 0.          0.09088651  0.92696549  0.79556913  0.68390402  0.20705841\n",
      "   0.64593619]\n",
      " [ 0.          0.22827589 -0.03974093  0.2918442  -0.1340113  -0.42755803\n",
      "   0.35454824]]\n",
      "P\n",
      " [[0. 0. 0. 0. 0. 0. 1.]\n",
      " [0. 1. 0. 0. 0. 0. 0.]\n",
      " [0. 0. 1. 0. 0. 0. 0.]\n",
      " [0. 0. 0. 1. 0. 0. 0.]\n",
      " [0. 0. 0. 0. 1. 0. 0.]\n",
      " [0. 0. 0. 0. 0. 1. 0.]\n",
      " [1. 0. 0. 0. 0. 0. 0.]]\n",
      "A\n",
      "[[ 0.86301587  0.87247982  0.3667339   0.50472009  0.44969709  0.93719033\n",
      "   0.73684054]\n",
      " [ 0.         -0.55094104  0.44696284  0.5584418   0.2603673  -0.03326439\n",
      "  -0.24332537]\n",
      " [ 0.          0.         -0.25954629  0.11391906  0.36568188 -0.68118573\n",
      "   0.20343601]\n",
      " [ 0.          0.         -0.03642224  0.2228292   0.69928708  0.1854744\n",
      "  -0.23674404]\n",
      " [ 0.          0.          0.49211471  0.16399567  0.06125889 -0.0176808\n",
      "  -0.39122545]\n",
      " [ 0.          0.          1.00069914  0.88769301  0.72685576  0.20157092\n",
      "   0.60579579]\n",
      " [ 0.          0.          0.14545283  0.52322794 -0.02613119 -0.44134074\n",
      "   0.25372926]]\n",
      "L\n",
      "[[ 1.          0.          0.          0.          0.          0.\n",
      "   0.        ]\n",
      " [ 0.86407029  1.          0.          0.          0.          0.\n",
      "   0.        ]\n",
      " [ 0.82140493  0.05746775  1.          0.          0.          0.\n",
      "   0.        ]\n",
      " [ 0.62030321 -0.25700423  0.          1.          0.          0.\n",
      "   0.        ]\n",
      " [ 0.63427085 -0.66864329  0.          0.          1.          0.\n",
      "   0.        ]\n",
      " [ 0.08034011 -0.16496595  0.          0.          0.          1.\n",
      "   0.        ]\n",
      " [ 0.6225891  -0.41433815  0.          0.          0.          0.\n",
      "   1.        ]]\n",
      "2-th row [ 0.          0.         -0.25954629  0.11391906  0.36568188 -0.68118573\n",
      "  0.20343601]\n",
      "A\n",
      "[[ 0.86301587  0.87247982  0.3667339   0.50472009  0.44969709  0.93719033\n",
      "   0.73684054]\n",
      " [ 0.         -0.55094104  0.44696284  0.5584418   0.2603673  -0.03326439\n",
      "  -0.24332537]\n",
      " [ 0.          0.          1.00069914  0.88769301  0.72685576  0.20157092\n",
      "   0.60579579]\n",
      " [ 0.          0.         -0.03642224  0.2228292   0.69928708  0.1854744\n",
      "  -0.23674404]\n",
      " [ 0.          0.          0.49211471  0.16399567  0.06125889 -0.0176808\n",
      "  -0.39122545]\n",
      " [ 0.          0.         -0.25954629  0.11391906  0.36568188 -0.68118573\n",
      "   0.20343601]\n",
      " [ 0.          0.          0.14545283  0.52322794 -0.02613119 -0.44134074\n",
      "   0.25372926]]\n",
      "P\n",
      " [[0. 0. 0. 0. 0. 0. 1.]\n",
      " [0. 1. 0. 0. 0. 0. 0.]\n",
      " [0. 0. 0. 0. 0. 1. 0.]\n",
      " [0. 0. 0. 1. 0. 0. 0.]\n",
      " [0. 0. 0. 0. 1. 0. 0.]\n",
      " [0. 0. 1. 0. 0. 0. 0.]\n",
      " [1. 0. 0. 0. 0. 0. 0.]]\n",
      "A\n",
      "[[ 0.86301587  0.87247982  0.3667339   0.50472009  0.44969709  0.93719033\n",
      "   0.73684054]\n",
      " [ 0.         -0.55094104  0.44696284  0.5584418   0.2603673  -0.03326439\n",
      "  -0.24332537]\n",
      " [ 0.          0.          1.00069914  0.88769301  0.72685576  0.20157092\n",
      "   0.60579579]\n",
      " [ 0.          0.          0.          0.25513838  0.7257423   0.19281094\n",
      "  -0.21469501]\n",
      " [ 0.          0.          0.         -0.27254591 -0.29618762 -0.11680751\n",
      "  -0.68913819]\n",
      " [ 0.          0.          0.          0.34415552  0.5542028  -0.6289053\n",
      "   0.36055821]\n",
      " [ 0.          0.          0.          0.39420069 -0.13178056 -0.47063932\n",
      "   0.16567611]]\n",
      "L\n",
      "[[ 1.          0.          0.          0.          0.          0.\n",
      "   0.        ]\n",
      " [ 0.86407029  1.          0.          0.          0.          0.\n",
      "   0.        ]\n",
      " [ 0.08034011 -0.16496595  1.          0.          0.          0.\n",
      "   0.        ]\n",
      " [ 0.62030321 -0.25700423 -0.0363968   1.          0.          0.\n",
      "   0.        ]\n",
      " [ 0.63427085 -0.66864329  0.49177089  0.          1.          0.\n",
      "   0.        ]\n",
      " [ 0.82140493  0.05746775 -0.25936496  0.          0.          1.\n",
      "   0.        ]\n",
      " [ 0.6225891  -0.41433815  0.14535121  0.          0.          0.\n",
      "   1.        ]]\n",
      "3-th row [ 0.          0.          0.          0.25513838  0.7257423   0.19281094\n",
      " -0.21469501]\n",
      "A\n",
      "[[ 0.86301587  0.87247982  0.3667339   0.50472009  0.44969709  0.93719033\n",
      "   0.73684054]\n",
      " [ 0.         -0.55094104  0.44696284  0.5584418   0.2603673  -0.03326439\n",
      "  -0.24332537]\n",
      " [ 0.          0.          1.00069914  0.88769301  0.72685576  0.20157092\n",
      "   0.60579579]\n",
      " [ 0.          0.          0.          0.39420069 -0.13178056 -0.47063932\n",
      "   0.16567611]\n",
      " [ 0.          0.          0.         -0.27254591 -0.29618762 -0.11680751\n",
      "  -0.68913819]\n",
      " [ 0.          0.          0.          0.34415552  0.5542028  -0.6289053\n",
      "   0.36055821]\n",
      " [ 0.          0.          0.          0.25513838  0.7257423   0.19281094\n",
      "  -0.21469501]]\n",
      "P\n",
      " [[0. 0. 0. 0. 0. 0. 1.]\n",
      " [0. 1. 0. 0. 0. 0. 0.]\n",
      " [0. 0. 0. 0. 0. 1. 0.]\n",
      " [1. 0. 0. 0. 0. 0. 0.]\n",
      " [0. 0. 0. 0. 1. 0. 0.]\n",
      " [0. 0. 1. 0. 0. 0. 0.]\n",
      " [0. 0. 0. 1. 0. 0. 0.]]\n",
      "A\n",
      "[[ 0.86301587  0.87247982  0.3667339   0.50472009  0.44969709  0.93719033\n",
      "   0.73684054]\n",
      " [ 0.         -0.55094104  0.44696284  0.5584418   0.2603673  -0.03326439\n",
      "  -0.24332537]\n",
      " [ 0.          0.          1.00069914  0.88769301  0.72685576  0.20157092\n",
      "   0.60579579]\n",
      " [ 0.          0.          0.          0.39420069 -0.13178056 -0.47063932\n",
      "   0.16567611]\n",
      " [ 0.          0.          0.          0.         -0.38729921 -0.44220223\n",
      "  -0.5745916 ]\n",
      " [ 0.          0.          0.          0.          0.66925335 -0.2180153\n",
      "   0.21591527]\n",
      " [ 0.          0.          0.          0.          0.81103458  0.49742266\n",
      "  -0.3219255 ]]\n",
      "L\n",
      "[[ 1.          0.          0.          0.          0.          0.\n",
      "   0.        ]\n",
      " [ 0.86407029  1.          0.          0.          0.          0.\n",
      "   0.        ]\n",
      " [ 0.08034011 -0.16496595  1.          0.          0.          0.\n",
      "   0.        ]\n",
      " [ 0.6225891  -0.41433815  0.14535121  1.          0.          0.\n",
      "   0.        ]\n",
      " [ 0.63427085 -0.66864329  0.49177089 -0.69138873  1.          0.\n",
      "   0.        ]\n",
      " [ 0.82140493  0.05746775 -0.25936496  0.87304648  0.          1.\n",
      "   0.        ]\n",
      " [ 0.62030321 -0.25700423 -0.0363968   0.64722966  0.          0.\n",
      "   1.        ]]\n",
      "4-th row [ 0.          0.          0.          0.         -0.38729921 -0.44220223\n",
      " -0.5745916 ]\n",
      "A\n",
      "[[ 0.86301587  0.87247982  0.3667339   0.50472009  0.44969709  0.93719033\n",
      "   0.73684054]\n",
      " [ 0.         -0.55094104  0.44696284  0.5584418   0.2603673  -0.03326439\n",
      "  -0.24332537]\n",
      " [ 0.          0.          1.00069914  0.88769301  0.72685576  0.20157092\n",
      "   0.60579579]\n",
      " [ 0.          0.          0.          0.39420069 -0.13178056 -0.47063932\n",
      "   0.16567611]\n",
      " [ 0.          0.          0.          0.          0.81103458  0.49742266\n",
      "  -0.3219255 ]\n",
      " [ 0.          0.          0.          0.          0.66925335 -0.2180153\n",
      "   0.21591527]\n",
      " [ 0.          0.          0.          0.         -0.38729921 -0.44220223\n",
      "  -0.5745916 ]]\n",
      "P\n",
      " [[0. 0. 0. 0. 0. 0. 1.]\n",
      " [0. 1. 0. 0. 0. 0. 0.]\n",
      " [0. 0. 0. 0. 0. 1. 0.]\n",
      " [1. 0. 0. 0. 0. 0. 0.]\n",
      " [0. 0. 0. 1. 0. 0. 0.]\n",
      " [0. 0. 1. 0. 0. 0. 0.]\n",
      " [0. 0. 0. 0. 1. 0. 0.]]\n",
      "A\n",
      "[[ 0.86301587  0.87247982  0.3667339   0.50472009  0.44969709  0.93719033\n",
      "   0.73684054]\n",
      " [ 0.         -0.55094104  0.44696284  0.5584418   0.2603673  -0.03326439\n",
      "  -0.24332537]\n",
      " [ 0.          0.          1.00069914  0.88769301  0.72685576  0.20157092\n",
      "   0.60579579]\n",
      " [ 0.          0.          0.          0.39420069 -0.13178056 -0.47063932\n",
      "   0.16567611]\n",
      " [ 0.          0.          0.          0.          0.81103458  0.49742266\n",
      "  -0.3219255 ]\n",
      " [ 0.          0.          0.          0.          0.         -0.62848088\n",
      "   0.48156327]\n",
      " [ 0.          0.          0.          0.          0.         -0.20466439\n",
      "  -0.72832301]]\n",
      "L\n",
      "[[ 1.          0.          0.          0.          0.          0.\n",
      "   0.        ]\n",
      " [ 0.86407029  1.          0.          0.          0.          0.\n",
      "   0.        ]\n",
      " [ 0.08034011 -0.16496595  1.          0.          0.          0.\n",
      "   0.        ]\n",
      " [ 0.6225891  -0.41433815  0.14535121  1.          0.          0.\n",
      "   0.        ]\n",
      " [ 0.62030321 -0.25700423 -0.0363968   0.64722966  1.          0.\n",
      "   0.        ]\n",
      " [ 0.82140493  0.05746775 -0.25936496  0.87304648  0.82518472  1.\n",
      "   0.        ]\n",
      " [ 0.63427085 -0.66864329  0.49177089 -0.69138873 -0.47753723  0.\n",
      "   1.        ]]\n",
      "5-th row [ 0.          0.          0.          0.          0.         -0.62848088\n",
      "  0.48156327]\n",
      "A\n",
      "[[ 0.86301587  0.87247982  0.3667339   0.50472009  0.44969709  0.93719033\n",
      "   0.73684054]\n",
      " [ 0.         -0.55094104  0.44696284  0.5584418   0.2603673  -0.03326439\n",
      "  -0.24332537]\n",
      " [ 0.          0.          1.00069914  0.88769301  0.72685576  0.20157092\n",
      "   0.60579579]\n",
      " [ 0.          0.          0.          0.39420069 -0.13178056 -0.47063932\n",
      "   0.16567611]\n",
      " [ 0.          0.          0.          0.          0.81103458  0.49742266\n",
      "  -0.3219255 ]\n",
      " [ 0.          0.          0.          0.          0.         -0.62848088\n",
      "   0.48156327]\n",
      " [ 0.          0.          0.          0.          0.         -0.20466439\n",
      "  -0.72832301]]\n",
      "P\n",
      " [[0. 0. 0. 0. 0. 0. 1.]\n",
      " [0. 1. 0. 0. 0. 0. 0.]\n",
      " [0. 0. 0. 0. 0. 1. 0.]\n",
      " [1. 0. 0. 0. 0. 0. 0.]\n",
      " [0. 0. 0. 1. 0. 0. 0.]\n",
      " [0. 0. 1. 0. 0. 0. 0.]\n",
      " [0. 0. 0. 0. 1. 0. 0.]]\n",
      "A\n",
      "[[ 0.86301587  0.87247982  0.3667339   0.50472009  0.44969709  0.93719033\n",
      "   0.73684054]\n",
      " [ 0.         -0.55094104  0.44696284  0.5584418   0.2603673  -0.03326439\n",
      "  -0.24332537]\n",
      " [ 0.          0.          1.00069914  0.88769301  0.72685576  0.20157092\n",
      "   0.60579579]\n",
      " [ 0.          0.          0.          0.39420069 -0.13178056 -0.47063932\n",
      "   0.16567611]\n",
      " [ 0.          0.          0.          0.          0.81103458  0.49742266\n",
      "  -0.3219255 ]\n",
      " [ 0.          0.          0.          0.          0.         -0.62848088\n",
      "   0.48156327]\n",
      " [ 0.          0.          0.          0.          0.          0.\n",
      "  -0.88514378]]\n",
      "L\n",
      "[[ 1.          0.          0.          0.          0.          0.\n",
      "   0.        ]\n",
      " [ 0.86407029  1.          0.          0.          0.          0.\n",
      "   0.        ]\n",
      " [ 0.08034011 -0.16496595  1.          0.          0.          0.\n",
      "   0.        ]\n",
      " [ 0.6225891  -0.41433815  0.14535121  1.          0.          0.\n",
      "   0.        ]\n",
      " [ 0.62030321 -0.25700423 -0.0363968   0.64722966  1.          0.\n",
      "   0.        ]\n",
      " [ 0.82140493  0.05746775 -0.25936496  0.87304648  0.82518472  1.\n",
      "   0.        ]\n",
      " [ 0.63427085 -0.66864329  0.49177089 -0.69138873 -0.47753723  0.32564936\n",
      "   1.        ]]\n",
      "U\n",
      "[[ 0.86301587  0.87247982  0.3667339   0.50472009  0.44969709  0.93719033\n",
      "   0.73684054]\n",
      " [ 0.         -0.55094104  0.44696284  0.5584418   0.2603673  -0.03326439\n",
      "  -0.24332537]\n",
      " [ 0.          0.          1.00069914  0.88769301  0.72685576  0.20157092\n",
      "   0.60579579]\n",
      " [ 0.          0.          0.          0.39420069 -0.13178056 -0.47063932\n",
      "   0.16567611]\n",
      " [ 0.          0.          0.          0.          0.81103458  0.49742266\n",
      "  -0.3219255 ]\n",
      " [ 0.          0.          0.          0.          0.         -0.62848088\n",
      "   0.48156327]\n",
      " [ 0.          0.          0.          0.          0.          0.\n",
      "  -0.88514378]]\n",
      "P = [[0. 0. 0. 0. 0. 0. 1.]\n",
      " [0. 1. 0. 0. 0. 0. 0.]\n",
      " [0. 0. 0. 0. 0. 1. 0.]\n",
      " [1. 0. 0. 0. 0. 0. 0.]\n",
      " [0. 0. 0. 1. 0. 0. 0.]\n",
      " [0. 0. 1. 0. 0. 0. 0.]\n",
      " [0. 0. 0. 0. 1. 0. 0.]]\n",
      "L = [[ 1.          0.          0.          0.          0.          0.\n",
      "   0.        ]\n",
      " [ 0.86407029  1.          0.          0.          0.          0.\n",
      "   0.        ]\n",
      " [ 0.08034011 -0.16496595  1.          0.          0.          0.\n",
      "   0.        ]\n",
      " [ 0.6225891  -0.41433815  0.14535121  1.          0.          0.\n",
      "   0.        ]\n",
      " [ 0.62030321 -0.25700423 -0.0363968   0.64722966  1.          0.\n",
      "   0.        ]\n",
      " [ 0.82140493  0.05746775 -0.25936496  0.87304648  0.82518472  1.\n",
      "   0.        ]\n",
      " [ 0.63427085 -0.66864329  0.49177089 -0.69138873 -0.47753723  0.32564936\n",
      "   1.        ]]\n",
      "U = [[ 0.86301587  0.87247982  0.3667339   0.50472009  0.44969709  0.93719033\n",
      "   0.73684054]\n",
      " [ 0.         -0.55094104  0.44696284  0.5584418   0.2603673  -0.03326439\n",
      "  -0.24332537]\n",
      " [ 0.          0.          1.00069914  0.88769301  0.72685576  0.20157092\n",
      "   0.60579579]\n",
      " [ 0.          0.          0.          0.39420069 -0.13178056 -0.47063932\n",
      "   0.16567611]\n",
      " [ 0.          0.          0.          0.          0.81103458  0.49742266\n",
      "  -0.3219255 ]\n",
      " [ 0.          0.          0.          0.          0.         -0.62848088\n",
      "   0.48156327]\n",
      " [ 0.          0.          0.          0.          0.          0.\n",
      "  -0.88514378]]\n",
      "LU\n",
      "[[0.86301587 0.87247982 0.3667339  0.50472009 0.44969709 0.93719033\n",
      "  0.73684054]\n",
      " [0.74570637 0.20294285 0.7638467  0.99455543 0.6489372  0.77653392\n",
      "  0.39335665]\n",
      " [0.06933479 0.16098164 0.95642893 0.8361184  0.72003274 0.28235239\n",
      "  0.70513405]\n",
      " [0.53730428 0.77147232 0.1885836  0.60607743 0.14596521 0.15592645\n",
      "  0.81329713]\n",
      " [0.53533152 0.68279621 0.07619263 0.39238679 0.91132013 0.77536566\n",
      "  0.28285616]\n",
      " [0.70888549 0.68499788 0.06737669 0.56059102 0.75002801 0.08671539\n",
      "  0.7946971 ]\n",
      " [0.54738581 0.92177154 0.42586463 0.11072655 0.1723958  0.59899372\n",
      "  0.23882889]]\n",
      "A\n",
      "[[0.53730428 0.77147232 0.1885836  0.60607743 0.14596521 0.15592645\n",
      "  0.81329713]\n",
      " [0.74570637 0.20294285 0.7638467  0.99455543 0.6489372  0.77653392\n",
      "  0.39335665]\n",
      " [0.70888549 0.68499788 0.06737669 0.56059102 0.75002801 0.08671539\n",
      "  0.7946971 ]\n",
      " [0.53533152 0.68279621 0.07619263 0.39238679 0.91132013 0.77536566\n",
      "  0.28285616]\n",
      " [0.54738581 0.92177154 0.42586463 0.11072655 0.1723958  0.59899372\n",
      "  0.23882889]\n",
      " [0.06933479 0.16098164 0.95642893 0.8361184  0.72003274 0.28235239\n",
      "  0.70513405]\n",
      " [0.86301587 0.87247982 0.3667339  0.50472009 0.44969709 0.93719033\n",
      "  0.73684054]]\n",
      "Psp =  [[0. 0. 0. 1. 0. 0. 0.]\n",
      " [0. 1. 0. 0. 0. 0. 0.]\n",
      " [0. 0. 0. 0. 0. 1. 0.]\n",
      " [0. 0. 0. 0. 1. 0. 0.]\n",
      " [0. 0. 0. 0. 0. 0. 1.]\n",
      " [0. 0. 1. 0. 0. 0. 0.]\n",
      " [1. 0. 0. 0. 0. 0. 0.]]\n",
      "Lsp =  [[ 1.          0.          0.          0.          0.          0.\n",
      "   0.        ]\n",
      " [ 0.86407029  1.          0.          0.          0.          0.\n",
      "   0.        ]\n",
      " [ 0.08034011 -0.16496595  1.          0.          0.          0.\n",
      "   0.        ]\n",
      " [ 0.6225891  -0.41433815  0.14535121  1.          0.          0.\n",
      "   0.        ]\n",
      " [ 0.62030321 -0.25700423 -0.0363968   0.64722966  1.          0.\n",
      "   0.        ]\n",
      " [ 0.82140493  0.05746775 -0.25936496  0.87304648  0.82518472  1.\n",
      "   0.        ]\n",
      " [ 0.63427085 -0.66864329  0.49177089 -0.69138873 -0.47753723  0.32564936\n",
      "   1.        ]]\n",
      "Usp =  [[ 0.86301587  0.87247982  0.3667339   0.50472009  0.44969709  0.93719033\n",
      "   0.73684054]\n",
      " [ 0.         -0.55094104  0.44696284  0.5584418   0.2603673  -0.03326439\n",
      "  -0.24332537]\n",
      " [ 0.          0.          1.00069914  0.88769301  0.72685576  0.20157092\n",
      "   0.60579579]\n",
      " [ 0.          0.          0.          0.39420069 -0.13178056 -0.47063932\n",
      "   0.16567611]\n",
      " [ 0.          0.          0.          0.          0.81103458  0.49742266\n",
      "  -0.3219255 ]\n",
      " [ 0.          0.          0.          0.          0.         -0.62848088\n",
      "   0.48156327]\n",
      " [ 0.          0.          0.          0.          0.          0.\n",
      "  -0.88514378]]\n",
      "A\n",
      "[[0.17970655 0.48058121 0.75951396 0.38793124 0.86557877 0.70107072]\n",
      " [0.47784247 0.73775234 0.40508557 0.2443493  0.72756735 0.48897527]\n",
      " [0.19076548 0.80156046 0.21136912 0.28198193 0.93383842 0.05606415]\n",
      " [0.11045276 0.67191105 0.01708112 0.69755791 0.45965566 0.22496849]\n",
      " [0.83879778 0.38064514 0.63426123 0.178494   0.98197664 0.02225711]\n",
      " [0.69875614 0.74488488 0.85185293 0.14796417 0.4800068  0.87414152]]\n",
      "0-th row [0.17970655 0.48058121 0.75951396 0.38793124 0.86557877 0.70107072]\n",
      "A\n",
      "[[0.83879778 0.38064514 0.63426123 0.178494   0.98197664 0.02225711]\n",
      " [0.47784247 0.73775234 0.40508557 0.2443493  0.72756735 0.48897527]\n",
      " [0.19076548 0.80156046 0.21136912 0.28198193 0.93383842 0.05606415]\n",
      " [0.11045276 0.67191105 0.01708112 0.69755791 0.45965566 0.22496849]\n",
      " [0.17970655 0.48058121 0.75951396 0.38793124 0.86557877 0.70107072]\n",
      " [0.69875614 0.74488488 0.85185293 0.14796417 0.4800068  0.87414152]]\n",
      "P\n",
      " [[0. 0. 0. 0. 1. 0.]\n",
      " [0. 1. 0. 0. 0. 0.]\n",
      " [0. 0. 1. 0. 0. 0.]\n",
      " [0. 0. 0. 1. 0. 0.]\n",
      " [1. 0. 0. 0. 0. 0.]\n",
      " [0. 0. 0. 0. 0. 1.]]\n",
      "A\n",
      "[[ 8.38797777e-01  3.80645141e-01  6.34261228e-01  1.78494001e-01\n",
      "   9.81976641e-01  2.22571076e-02]\n",
      " [ 0.00000000e+00  5.20908164e-01  4.37625435e-02  1.42665657e-01\n",
      "   1.68159405e-01  4.76295944e-01]\n",
      " [ 0.00000000e+00  7.14991381e-01  6.71208326e-02  2.41387530e-01\n",
      "   7.10510170e-01  5.10022788e-02]\n",
      " [ 0.00000000e+00  6.21787754e-01 -6.64382951e-02  6.74053849e-01\n",
      "   3.30349126e-01  2.22037682e-01]\n",
      " [ 0.00000000e+00  3.99030649e-01  6.23627936e-01  3.49690153e-01\n",
      "   6.55197155e-01  6.96302288e-01]\n",
      " [ 0.00000000e+00  4.27790414e-01  3.23484901e-01 -7.29336219e-04\n",
      "  -3.38023746e-01  8.55600348e-01]]\n",
      "L\n",
      "[[1.         0.         0.         0.         0.         0.        ]\n",
      " [0.56967541 1.         0.         0.         0.         0.        ]\n",
      " [0.22742726 0.         1.         0.         0.         0.        ]\n",
      " [0.13167984 0.         0.         1.         0.         0.        ]\n",
      " [0.214243   0.         0.         0.         1.         0.        ]\n",
      " [0.83304482 0.         0.         0.         0.         1.        ]]\n",
      "1-th row [0.         0.52090816 0.04376254 0.14266566 0.1681594  0.47629594]\n",
      "A\n",
      "[[ 8.38797777e-01  3.80645141e-01  6.34261228e-01  1.78494001e-01\n",
      "   9.81976641e-01  2.22571076e-02]\n",
      " [ 0.00000000e+00  7.14991381e-01  6.71208326e-02  2.41387530e-01\n",
      "   7.10510170e-01  5.10022788e-02]\n",
      " [ 0.00000000e+00  5.20908164e-01  4.37625435e-02  1.42665657e-01\n",
      "   1.68159405e-01  4.76295944e-01]\n",
      " [ 0.00000000e+00  6.21787754e-01 -6.64382951e-02  6.74053849e-01\n",
      "   3.30349126e-01  2.22037682e-01]\n",
      " [ 0.00000000e+00  3.99030649e-01  6.23627936e-01  3.49690153e-01\n",
      "   6.55197155e-01  6.96302288e-01]\n",
      " [ 0.00000000e+00  4.27790414e-01  3.23484901e-01 -7.29336219e-04\n",
      "  -3.38023746e-01  8.55600348e-01]]\n",
      "P\n",
      " [[0. 0. 0. 0. 1. 0.]\n",
      " [0. 0. 1. 0. 0. 0.]\n",
      " [0. 1. 0. 0. 0. 0.]\n",
      " [0. 0. 0. 1. 0. 0.]\n",
      " [1. 0. 0. 0. 0. 0.]\n",
      " [0. 0. 0. 0. 0. 1.]]\n",
      "A\n",
      "[[ 0.83879778  0.38064514  0.63426123  0.178494    0.98197664  0.02225711]\n",
      " [ 0.          0.71499138  0.06712083  0.24138753  0.71051017  0.05100228]\n",
      " [ 0.          0.         -0.00513845 -0.03319763 -0.34948397  0.43913815]\n",
      " [ 0.          0.         -0.1248095   0.4641327  -0.28754157  0.17768387]\n",
      " [ 0.          0.          0.58616837  0.21497381  0.25866743  0.66783835]\n",
      " [ 0.          0.          0.28332547 -0.14515523 -0.76313298  0.82508489]]\n",
      "L\n",
      "[[1.         0.         0.         0.         0.         0.        ]\n",
      " [0.22742726 1.         0.         0.         0.         0.        ]\n",
      " [0.56967541 0.72855167 1.         0.         0.         0.        ]\n",
      " [0.13167984 0.86964371 0.         1.         0.         0.        ]\n",
      " [0.214243   0.55809155 0.         0.         1.         0.        ]\n",
      " [0.83304482 0.59831548 0.         0.         0.         1.        ]]\n",
      "2-th row [ 0.          0.         -0.00513845 -0.03319763 -0.34948397  0.43913815]\n",
      "A\n",
      "[[ 0.83879778  0.38064514  0.63426123  0.178494    0.98197664  0.02225711]\n",
      " [ 0.          0.71499138  0.06712083  0.24138753  0.71051017  0.05100228]\n",
      " [ 0.          0.          0.58616837  0.21497381  0.25866743  0.66783835]\n",
      " [ 0.          0.         -0.1248095   0.4641327  -0.28754157  0.17768387]\n",
      " [ 0.          0.         -0.00513845 -0.03319763 -0.34948397  0.43913815]\n",
      " [ 0.          0.          0.28332547 -0.14515523 -0.76313298  0.82508489]]\n",
      "P\n",
      " [[0. 0. 0. 0. 1. 0.]\n",
      " [0. 0. 1. 0. 0. 0.]\n",
      " [1. 0. 0. 0. 0. 0.]\n",
      " [0. 0. 0. 1. 0. 0.]\n",
      " [0. 1. 0. 0. 0. 0.]\n",
      " [0. 0. 0. 0. 0. 1.]]\n",
      "A\n",
      "[[ 0.83879778  0.38064514  0.63426123  0.178494    0.98197664  0.02225711]\n",
      " [ 0.          0.71499138  0.06712083  0.24138753  0.71051017  0.05100228]\n",
      " [ 0.          0.          0.58616837  0.21497381  0.25866743  0.66783835]\n",
      " [ 0.          0.          0.          0.50990586 -0.23246498  0.3198829 ]\n",
      " [ 0.          0.          0.         -0.03131313 -0.34721644  0.44499253]\n",
      " [ 0.          0.          0.         -0.24906319 -0.88816032  0.50228411]]\n",
      "L\n",
      "[[ 1.          0.          0.          0.          0.          0.        ]\n",
      " [ 0.22742726  1.          0.          0.          0.          0.        ]\n",
      " [ 0.214243    0.55809155  1.          0.          0.          0.        ]\n",
      " [ 0.13167984  0.86964371 -0.21292433  1.          0.          0.        ]\n",
      " [ 0.56967541  0.72855167 -0.00876617  0.          1.          0.        ]\n",
      " [ 0.83304482  0.59831548  0.48335168  0.          0.          1.        ]]\n",
      "3-th row [ 0.          0.          0.          0.50990586 -0.23246498  0.3198829 ]\n",
      "A\n",
      "[[ 0.83879778  0.38064514  0.63426123  0.178494    0.98197664  0.02225711]\n",
      " [ 0.          0.71499138  0.06712083  0.24138753  0.71051017  0.05100228]\n",
      " [ 0.          0.          0.58616837  0.21497381  0.25866743  0.66783835]\n",
      " [ 0.          0.          0.          0.50990586 -0.23246498  0.3198829 ]\n",
      " [ 0.          0.          0.         -0.03131313 -0.34721644  0.44499253]\n",
      " [ 0.          0.          0.         -0.24906319 -0.88816032  0.50228411]]\n",
      "P\n",
      " [[0. 0. 0. 0. 1. 0.]\n",
      " [0. 0. 1. 0. 0. 0.]\n",
      " [1. 0. 0. 0. 0. 0.]\n",
      " [0. 0. 0. 1. 0. 0.]\n",
      " [0. 1. 0. 0. 0. 0.]\n",
      " [0. 0. 0. 0. 0. 1.]]\n",
      "A\n",
      "[[ 0.83879778  0.38064514  0.63426123  0.178494    0.98197664  0.02225711]\n",
      " [ 0.          0.71499138  0.06712083  0.24138753  0.71051017  0.05100228]\n",
      " [ 0.          0.          0.58616837  0.21497381  0.25866743  0.66783835]\n",
      " [ 0.          0.          0.          0.50990586 -0.23246498  0.3198829 ]\n",
      " [ 0.          0.          0.          0.         -0.36149203  0.46463643]\n",
      " [ 0.          0.          0.          0.         -1.00170769  0.6585307 ]]\n",
      "L\n",
      "[[ 1.          0.          0.          0.          0.          0.        ]\n",
      " [ 0.22742726  1.          0.          0.          0.          0.        ]\n",
      " [ 0.214243    0.55809155  1.          0.          0.          0.        ]\n",
      " [ 0.13167984  0.86964371 -0.21292433  1.          0.          0.        ]\n",
      " [ 0.56967541  0.72855167 -0.00876617 -0.06140964  1.          0.        ]\n",
      " [ 0.83304482  0.59831548  0.48335168 -0.48844935  0.          1.        ]]\n",
      "4-th row [ 0.          0.          0.          0.         -0.36149203  0.46463643]\n",
      "A\n",
      "[[ 0.83879778  0.38064514  0.63426123  0.178494    0.98197664  0.02225711]\n",
      " [ 0.          0.71499138  0.06712083  0.24138753  0.71051017  0.05100228]\n",
      " [ 0.          0.          0.58616837  0.21497381  0.25866743  0.66783835]\n",
      " [ 0.          0.          0.          0.50990586 -0.23246498  0.3198829 ]\n",
      " [ 0.          0.          0.          0.         -1.00170769  0.6585307 ]\n",
      " [ 0.          0.          0.          0.         -0.36149203  0.46463643]]\n",
      "P\n",
      " [[0. 0. 0. 0. 1. 0.]\n",
      " [0. 0. 1. 0. 0. 0.]\n",
      " [1. 0. 0. 0. 0. 0.]\n",
      " [0. 0. 0. 1. 0. 0.]\n",
      " [0. 0. 0. 0. 0. 1.]\n",
      " [0. 1. 0. 0. 0. 0.]]\n",
      "A\n",
      "[[ 0.83879778  0.38064514  0.63426123  0.178494    0.98197664  0.02225711]\n",
      " [ 0.          0.71499138  0.06712083  0.24138753  0.71051017  0.05100228]\n",
      " [ 0.          0.          0.58616837  0.21497381  0.25866743  0.66783835]\n",
      " [ 0.          0.          0.          0.50990586 -0.23246498  0.3198829 ]\n",
      " [ 0.          0.          0.          0.         -1.00170769  0.6585307 ]\n",
      " [ 0.          0.          0.          0.          0.          0.22698865]]\n",
      "L\n",
      "[[ 1.          0.          0.          0.          0.          0.        ]\n",
      " [ 0.22742726  1.          0.          0.          0.          0.        ]\n",
      " [ 0.214243    0.55809155  1.          0.          0.          0.        ]\n",
      " [ 0.13167984  0.86964371 -0.21292433  1.          0.          0.        ]\n",
      " [ 0.83304482  0.59831548  0.48335168 -0.48844935  1.          0.        ]\n",
      " [ 0.56967541  0.72855167 -0.00876617 -0.06140964  0.36087577  1.        ]]\n",
      "U\n",
      "[[ 0.83879778  0.38064514  0.63426123  0.178494    0.98197664  0.02225711]\n",
      " [ 0.          0.71499138  0.06712083  0.24138753  0.71051017  0.05100228]\n",
      " [ 0.          0.          0.58616837  0.21497381  0.25866743  0.66783835]\n",
      " [ 0.          0.          0.          0.50990586 -0.23246498  0.3198829 ]\n",
      " [ 0.          0.          0.          0.         -1.00170769  0.6585307 ]\n",
      " [ 0.          0.          0.          0.          0.          0.22698865]]\n",
      "P = [[0. 0. 0. 0. 1. 0.]\n",
      " [0. 0. 1. 0. 0. 0.]\n",
      " [1. 0. 0. 0. 0. 0.]\n",
      " [0. 0. 0. 1. 0. 0.]\n",
      " [0. 0. 0. 0. 0. 1.]\n",
      " [0. 1. 0. 0. 0. 0.]]\n",
      "L = [[ 1.          0.          0.          0.          0.          0.        ]\n",
      " [ 0.22742726  1.          0.          0.          0.          0.        ]\n",
      " [ 0.214243    0.55809155  1.          0.          0.          0.        ]\n",
      " [ 0.13167984  0.86964371 -0.21292433  1.          0.          0.        ]\n",
      " [ 0.83304482  0.59831548  0.48335168 -0.48844935  1.          0.        ]\n",
      " [ 0.56967541  0.72855167 -0.00876617 -0.06140964  0.36087577  1.        ]]\n",
      "U = [[ 0.83879778  0.38064514  0.63426123  0.178494    0.98197664  0.02225711]\n",
      " [ 0.          0.71499138  0.06712083  0.24138753  0.71051017  0.05100228]\n",
      " [ 0.          0.          0.58616837  0.21497381  0.25866743  0.66783835]\n",
      " [ 0.          0.          0.          0.50990586 -0.23246498  0.3198829 ]\n",
      " [ 0.          0.          0.          0.         -1.00170769  0.6585307 ]\n",
      " [ 0.          0.          0.          0.          0.          0.22698865]]\n",
      "LU\n",
      "[[0.83879778 0.38064514 0.63426123 0.178494   0.98197664 0.02225711]\n",
      " [0.19076548 0.80156046 0.21136912 0.28198193 0.93383842 0.05606415]\n",
      " [0.17970655 0.48058121 0.75951396 0.38793124 0.86557877 0.70107072]\n",
      " [0.11045276 0.67191105 0.01708112 0.69755791 0.45965566 0.22496849]\n",
      " [0.69875614 0.74488488 0.85185293 0.14796417 0.4800068  0.87414152]\n",
      " [0.47784247 0.73775234 0.40508557 0.2443493  0.72756735 0.48897527]]\n",
      "A\n",
      "[[0.17970655 0.48058121 0.75951396 0.38793124 0.86557877 0.70107072]\n",
      " [0.47784247 0.73775234 0.40508557 0.2443493  0.72756735 0.48897527]\n",
      " [0.19076548 0.80156046 0.21136912 0.28198193 0.93383842 0.05606415]\n",
      " [0.11045276 0.67191105 0.01708112 0.69755791 0.45965566 0.22496849]\n",
      " [0.83879778 0.38064514 0.63426123 0.178494   0.98197664 0.02225711]\n",
      " [0.69875614 0.74488488 0.85185293 0.14796417 0.4800068  0.87414152]]\n",
      "Psp =  [[0. 0. 1. 0. 0. 0.]\n",
      " [0. 0. 0. 0. 0. 1.]\n",
      " [0. 1. 0. 0. 0. 0.]\n",
      " [0. 0. 0. 1. 0. 0.]\n",
      " [1. 0. 0. 0. 0. 0.]\n",
      " [0. 0. 0. 0. 1. 0.]]\n",
      "Lsp =  [[ 1.          0.          0.          0.          0.          0.        ]\n",
      " [ 0.22742726  1.          0.          0.          0.          0.        ]\n",
      " [ 0.214243    0.55809155  1.          0.          0.          0.        ]\n",
      " [ 0.13167984  0.86964371 -0.21292433  1.          0.          0.        ]\n",
      " [ 0.83304482  0.59831548  0.48335168 -0.48844935  1.          0.        ]\n",
      " [ 0.56967541  0.72855167 -0.00876617 -0.06140964  0.36087577  1.        ]]\n",
      "Usp =  [[ 0.83879778  0.38064514  0.63426123  0.178494    0.98197664  0.02225711]\n",
      " [ 0.          0.71499138  0.06712083  0.24138753  0.71051017  0.05100228]\n",
      " [ 0.          0.          0.58616837  0.21497381  0.25866743  0.66783835]\n",
      " [ 0.          0.          0.          0.50990586 -0.23246498  0.3198829 ]\n",
      " [ 0.          0.          0.          0.         -1.00170769  0.6585307 ]\n",
      " [ 0.          0.          0.          0.          0.          0.22698865]]\n",
      "A\n",
      "[[0.27292174 0.0897513  0.99290808 0.29922354 0.14992859 0.09212357]\n",
      " [0.19292963 0.05615816 0.11783485 0.4301103  0.3926666  0.54146905]\n",
      " [0.18669874 0.07452859 0.56501804 0.19975249 0.82381779 0.71273568]\n",
      " [0.90792813 0.44726382 0.44478799 0.20381355 0.20957875 0.47434818]\n",
      " [0.96796166 0.6266467  0.2304426  0.49127624 0.38501628 0.27414524]\n",
      " [0.14464179 0.27681965 0.24514343 0.87011231 0.04380095 0.99311827]]\n",
      "0-th row [0.27292174 0.0897513  0.99290808 0.29922354 0.14992859 0.09212357]\n",
      "A\n",
      "[[0.96796166 0.6266467  0.2304426  0.49127624 0.38501628 0.27414524]\n",
      " [0.19292963 0.05615816 0.11783485 0.4301103  0.3926666  0.54146905]\n",
      " [0.18669874 0.07452859 0.56501804 0.19975249 0.82381779 0.71273568]\n",
      " [0.90792813 0.44726382 0.44478799 0.20381355 0.20957875 0.47434818]\n",
