{
 "cells": [
  {
   "cell_type": "markdown",
   "metadata": {},
   "source": [
    "# 科学技術計算 5 レポート\n"
   ]
  },
  {
   "cell_type": "code",
   "execution_count": 156,
   "metadata": {},
   "outputs": [],
   "source": [
    "import numpy as np\n",
    "import scipy\n",
    "\n",
    "from numpy.linalg import inv, norm, solve, det, matrix_rank, cond, pinv, lstsq, eig, eigh, eigvals, eigvalsh\n",
    "from numpy import diag\n",
    "rng = np.random.default_rng()\n",
    "\n",
    "import matplotlib.pyplot as plt\n",
    "from matplotlib import rcParams\n",
    "rcParams[\"savefig.bbox\"] = \"tight\"\n",
    "\n",
    "from typing import List, Optional, Union, Tuple\n",
    "\n",
    "import sklearn\n",
    "from sklearn.decomposition import PCA\n",
    "from sklearn.datasets import fetch_olivetti_faces\n",
    "\n",
    "from matplotlib.pyplot import imshow\n",
    "from typing import Tuple, List, Optional, Union\n",
    "from tqdm.auto import tqdm\n",
    "\n"
   ]
  },
  {
   "cell_type": "markdown",
   "metadata": {},
   "source": [
    "## 課題05-1"
   ]
  },
  {
   "cell_type": "code",
   "execution_count": 157,
   "metadata": {},
   "outputs": [],
   "source": [
    "#レイリー商反復について\n",
    "\n",
    "#関数\n",
    "def rayleigh_quotient_iteration(A: np.ndarray,mu: float, u, tol = 1e-12,n = np.ndarray, maxiter: int = 5000,) -> Tuple[float, np.ndarray]:\n",
    "    \"\"\"Rayleigh quotioent iteration for computing the largest eigenvalue and its eigenvector of A\n",
    "\n",
    "    Args:\n",
    "        A (np.ndarray): nxn matrix A\n",
    "        mu (float): initial eigenvalue\n",
    "        u (np.ndarray): n-d initial eigenvector\n",
    "        maxiter (int, optional): max iterations. Defaults to 50.\n",
    "\n",
    "    Returns:\n",
    "        Tuple[float, np.ndarray]: the largest eigenvalue and its eigenvector\n",
    "    \"\"\"\n",
    "    #入力 行列Aが対称かどうか muがシフト値uは\n",
    "    assert A.ndim == 2\n",
    "    assert A.shape[0] == A.shape[1]\n",
    "    n = A.shape[0]\n",
    "    assert len(u) == n\n",
    "\n",
    "    u_pre = u.copy()\n",
    "\n",
    "    #レイリー商反復\n",
    "    for i in range(maxiter):\n",
    "\n",
    "        try:\n",
    "            u = solve(A - mu * np.eye(n), u)    #シフト値muを用いて連立方程式を解く\n",
    "        except:\n",
    "            break\n",
    "        \n",
    "        u /= norm(u)    #正規化\n",
    "        mu = u.T @ A @ u\n",
    "\n",
    "        with np.printoptions(formatter={'float': '{: 12.12f}'.format}, suppress=True, linewidth=100):\n",
    "            print(f\"{i:2d}\", u)\n",
    "\n",
    "        if np.allclose(u, u_pre) or np.allclose(u, -u_pre):         #uの値がめっちゃちかくなった→近似\n",
    "            break\n",
    "        u_pre = u.copy()\n",
    "        \n",
    "    return mu, u\n",
    "\n"
   ]
  },
  {
   "cell_type": "code",
   "execution_count": 158,
   "metadata": {},
   "outputs": [],
   "source": [
    "#ハウスホルダー法\n",
    "def householder_step( A: np.ndarray, k: int) -> Tuple[np.ndarray, np.ndarray]:\n",
    "    \"\"\"k-th step of Householder transform from nxn symmetric to tridiagonal\n",
    "\n",
    "    Args:\n",
    "        A (np.ndarray): an nxn symmetric matrix\n",
    "        k (int): step\n",
    "\n",
    "    Returns:\n",
    "        Tuple[np.ndarray, np.ndarray]: transformed matrix QAQ after k-th step, and the transfrom Q\n",
    "    \"\"\"\n",
    "    assert A.ndim == 2  #2次元であるかチェック\n",
    "    assert A.shape[0] == A.shape[1] #正方行列かどうかチェック\n",
    "\n",
    "    n = A.shape[0]\n",
    "    assert 0 <= k < n - 2\n",
    "\n",
    "    x = A[k + 1:, k]  # Aのk列目のk+1行目以降の部分を取得(縦の部分)\n",
    "    y = np.zeros_like(x) #全部ゼロの配列\n",
    "    # y[0] = - np.sign(A[k + 1, k]) * norm(x)\n",
    "    y[0] = - np.sign(x[0]) * norm(x)  # ベクトルyの先頭要素を設定\n",
    "\n",
    "    # print(\"x\", x)\n",
    "    # print(\"y\", y)\n",
    "\n",
    "    u = (x - y) / norm(x - y)  # 単位ベクトルuを計算\n",
    "    H = np.eye(len(x)) - 2 * np.outer(u, u)  # ハウスホルダー行列Hを計算\n",
    "\n",
    "    Q = np.eye(n)   #単位行列\n",
    "    Q[k + 1:, k + 1:] = H  # QにHを組み込む\n",
    "\n",
    "    QAQ = Q @ A @ Q  # 変換後の行列を計算\n",
    "    return QAQ, Q\n",
    "\n",
    "def householder_transform(A: np.ndarray,) -> Tuple[np.ndarray, np.ndarray]:\n",
    "    \"\"\"Householder transform from nxn symmetric to tridiagonal\n",
    "\n",
    "    Args:\n",
    "        A (np.ndarray): an nxn symmetric matrix\n",
    "\n",
    "    Returns:\n",
    "        Tuple[np.ndarray, np.ndarray]: tridiagonal Atri and orthogonal Qhh\n",
    "                                       so that Qhh A Qhh == Atri\n",
    "    \"\"\"\n",
    "    assert A.ndim == 2\n",
    "    assert A.shape[0] == A.shape[1]\n",
    "    n = A.shape[0]\n",
    "\n",
    "    Atri = A.copy()\n",
    "    Qhh = np.eye(n)\n",
    "    for k in range(n - 2):\n",
    "        # print(f\"{k}-th step\")\n",
    "        Atri, Q = householder_step(Atri, k)\n",
    "        Qhh = Qhh @ Q  # 直交行列を更新\n",
    "        # print(\"Atri\\n\", Atri, sep='')\n",
    "        # print(\"Q\\n\", Q, sep='')\n",
    "        # print(\"Qhh\\n\", Qhh, sep='')\n",
    "    return Atri, Qhh\n",
    "\n",
    "# with np.printoptions(formatter={'float': '{: 12.8f}'.format}, suppress=True, linewidth=100):\n",
    "\n",
    "#     print(\"A\\n\", A, sep='')\n",
    "#     Atri, Qhh = householder_transform(A)\n",
    "\n",
    "#     print(\"tridiagonalized Atri\\n\", Atri, sep='')\n",
    "#     print(\"check Q.T A Q\\n\", Qhh.T @ A @ Qhh)\n",
    "#     print(\"Q.T A Q == Atri\", np.allclose(Qhh.T @ A @ Qhh, Atri))\n",
    "\n",
    "# with np.printoptions(formatter={'float': '{: 12.8f}'.format}, suppress=True, linewidth=100):\n",
    "#     Q, R = np.linalg.qr(Atri)\n",
    "#     print(\"Atri\\n\", Atri, sep='')\n",
    "#     print(\"Q\\n\", Q, sep='')\n",
    "#     print(\"R\\n\", R, sep='')\n",
    "#     print(\"RQ\\n\", R @ Q, sep='')\n",
    "\n"
   ]
  },
  {
   "cell_type": "code",
   "execution_count": 159,
   "metadata": {},
   "outputs": [],
   "source": [
    "#ぎぶんす変換\n",
    "def givens_r_matrix(xp_xq: np.ndarray) -> np.ndarray:\n",
    "    \"\"\"generate a matrix of Givens rotation\n",
    "\n",
    "    Args:\n",
    "        xp_xq (ndarray): two values xp, xq\n",
    "\n",
    "    Returns:\n",
    "        ndarray: 2D rotation matrix\n",
    "    \"\"\"\n",
    "    assert len(xp_xq) == 2\n",
    "\n",
    "    xp, xq = xp_xq[0], xp_xq[1]\n",
    "\n",
    "    # denominator = np.sqrt(xp**2 + xq**2)\n",
    "    denominator = norm(xp_xq)\n",
    "    c = xp / denominator\n",
    "    s = -xq / denominator\n",
    "\n",
    "    R = np.array([\n",
    "        [c, s],\n",
    "        [-s, c]\n",
    "    ])\n",
    "    return R\n",
    "\n",
    "def qr_decom_by_givens(Atri_org: np.ndarray,) -> Tuple[np.ndarray, np.ndarray]:\n",
    "    \"\"\"QR decomposition of a tridiagonal matrix by Givens rotation\n",
    "\n",
    "    Args:\n",
    "        Atri_org (np.ndarray): an nxn tridiagonal matrix\n",
    "\n",
    "    Returns:\n",
    "        Tuple[np.ndarray, np.ndarray]: orthogonal Q and upper traiangular R so that A == QR\n",
    "    \"\"\"\n",
    "    assert len(Atri_org.shape) == 2\n",
    "    assert Atri_org.shape[0] == Atri_org.shape[1]\n",
    "    # assert AAtri_org should be tridiagonal\n",
    "    n = Atri_org.shape[0]\n",
    "\n",
    "    Atri = Atri_org.copy()\n",
    "    Q = np.eye(n)\n",
    "\n",
    "    for k in range(n - 1):\n",
    "        p, q = k, k + 1\n",
    "        Rot2x2 = givens_r_matrix(Atri[[p, q]][:, p])\n",
    "        Atri[[p, q]] = Rot2x2.T @ Atri[[p, q]]\n",
    "        Q[:, [p, q]] = Q[:, [p, q]] @ Rot2x2\n",
    "\n",
    "    R = Atri\n",
    "    return Q, R"
   ]
  },
  {
   "cell_type": "code",
   "execution_count": 160,
   "metadata": {},
   "outputs": [],
   "source": [
    "#QR法関数\n",
    "def eigh_by_qr_method(A0: np.ndarray, maxiter: int = 1000,) -> Tuple[np.ndarray, np.ndarray]:\n",
    "    \"\"\"\n",
    "    Computing eigenvalues and eigenvectors by QR decompoition\n",
    "\n",
    "    Args:\n",
    "        A0 (np.ndarray): nxn matrix\n",
    "        maxiter (int, optional): max iterations. Defaults to 1000.\n",
    "        qr_decomp (callable, optional): QR decomposition solver. Defaults to np.linalg.qr.\n",
    "\n",
    "    Returns:\n",
    "        Tuple[np.ndarray, np.ndarray]: n-d vector of eigenvalues and orthogonal matrix with eigenvector columns\n",
    "    \"\"\"\n",
    "    assert A0.ndim == 2\n",
    "    assert A0.shape[0] == A0.shape[1]\n",
    "    n = A0.shape[0]\n",
    "    A = A0.copy()\n",
    "\n",
    "    Qall = np.eye(n)\n",
    "    diagonals_pre = diag(A)\n",
    "    #ハウスホルダー変換\n",
    "    Atri, Qhh = householder_transform(A)\n",
    "    Qall = Qhh\n",
    "    Atri_org = Atri.copy()\n",
    "\n",
    "    for i in range(maxiter):\n",
    "        \n",
    "        Q, R = qr_decom_by_givens(Atri_org)\n",
    "        Atri_org = R @ Q\n",
    "        Qall = Qall @ Q\n",
    "\n",
    "        diagonals = diag(Atri_org)\n",
    "        # with np.printoptions(formatter={'float': '{: 12.8f}'.format}, suppress=True, linewidth=100):\n",
    "        #     print(f\"     diagonals {i:2d}\", diagonals)\n",
    "        #     print(f\"superdiagonals {i:2d}\", superdiagonals)\n",
    "\n",
    "        if (np.allclose(diagonals, diagonals_pre)):\n",
    "            # with np.printoptions(formatter={'float': '{: 12.8f}'.format}, suppress=True, linewidth=100):\n",
    "            #     print(\"A\\n\", A, sep='')\n",
    "            break\n",
    "\n",
    "        diagonals_pre = diagonals.copy()\n",
    "\n",
    "    return diagonals, Qall\n",
    "\n",
    "# with np.printoptions(formatter={'float': '{: 12.12f}'.format}, suppress=True, linewidth=100):\n",
    "#     print(\"using numpy QR\")\n",
    "#     d, U = eigh_by_qr_method(A)\n",
    "#     print(\"d\", d)\n",
    "#     print(\"U\\n\", U)\n",
    "#     # print(\"using scipy QR\")\n",
    "#     # d, U = eigh_by_qr_method(A, qr_decomp=scipy.linalg.qr)\n",
    "#     # print(d)\n",
    "\n",
    "# with np.printoptions(formatter={'float': '{: 12.8f}'.format}, suppress=True, linewidth=100):\n",
    "#     d_np, U_np = np.linalg.eigh(A)\n",
    "#     U_np = U_np[:, ::-1]\n",
    "#     d_np = d_np[::-1]\n",
    "\n",
    "#     print(\"d_np\", d_np)\n",
    "#     print(\"d   \", d)\n",
    "#     print(\"d == d_np\", np.allclose(d, d_np))\n",
    "\n",
    "#     print(\"U_np\\n\", U_np, sep='')\n",
    "#     print(\"U\\n\", U, sep='')\n",
    "\n",
    "#     for i in range(len(U)):\n",
    "#         print(\n",
    "#             f\"column {i}: U[{i}] == U_np[{i}] ?\",\n",
    "#             np.allclose(U[:, i], U_np[:, i]) or np.allclose(U[:, i], -U_np[:, i])\n",
    "#         )\n",
    "\n"
   ]
  },
  {
   "cell_type": "code",
   "execution_count": 161,
   "metadata": {},
   "outputs": [],
   "source": [
    "#今回のやつ\n",
    "def eigh_via_qr_rayleigh( A: np.ndarray,) -> Tuple[np.ndarray, np.ndarray]:\n",
    "    # print(\"A =\", A)\n",
    "    assert A.ndim == 2\n",
    "    assert A.shape[0] == A.shape[1]\n",
    "    n = A.shape[0]\n",
    "\n",
    "    \n",
    "    eigenvalues_approx, Qqr  = eigh_by_qr_method(A) #これでAがぎぶんす変換で更新しながら固有値と固有べくとるを出力できたってことかな\n",
    "\n",
    "    eigenvalues = np.zeros(n)\n",
    "    eigenvectors = np.zeros((n, n))\n",
    "\n",
    "    for k in range(n):\n",
    "        mu0 = eigenvalues_approx[k]\n",
    "        u0 = Qqr[k, :]\n",
    "\n",
    "\n",
    "        mu_refined, u_refined = rayleigh_quotient_iteration(A, mu0, u0)\n",
    "\n",
    "        eigenvalues[k] = mu_refined\n",
    "        eigenvectors[:, k] = u_refined\n",
    "\n",
    "    return eigenvalues, eigenvectors\n"
   ]
  },
  {
   "cell_type": "code",
   "execution_count": 162,
   "metadata": {},
   "outputs": [
    {
     "data": {
      "application/vnd.jupyter.widget-view+json": {
       "model_id": "5b082bcbda2b425198f07e7afa34fe7a",
       "version_major": 2,
       "version_minor": 0
      },
      "text/plain": [
       "  0%|          | 0/10 [00:00<?, ?it/s]"
      ]
     },
     "metadata": {},
     "output_type": "display_data"
    },
    {
     "name": "stdout",
     "output_type": "stream",
     "text": [
      "行列 A:\n",
      "[[2.5989965  2.47578474 2.26058407 1.38582283 1.69055151 2.53645333\n",
      "  1.68311694]\n",
      " [2.47578474 3.07582071 2.33611981 1.32582931 1.31440572 2.41743118\n",
      "  1.90668621]\n",
      " [2.26058407 2.33611981 2.49976627 1.33482643 1.05105362 1.80695124\n",
      "  1.2368842 ]\n",
      " [1.38582283 1.32582931 1.33482643 1.84081701 1.11311744 0.9324174\n",
      "  0.82742518]\n",
      " [1.69055151 1.31440572 1.05105362 1.11311744 1.92481754 1.98876574\n",
      "  1.01798642]\n",
      " [2.53645333 2.41743118 1.80695124 0.9324174  1.98876574 2.98153445\n",
      "  1.7687027 ]\n",
      " [1.68311694 1.90668621 1.2368842  0.82742518 1.01798642 1.7687027\n",
      "  1.60360595]]\n",
      " 0 [ 0.446078896155  0.456772376731  0.383908270146  0.252548552803  0.300574261006  0.443725471438\n",
      "  0.306543801877]\n",
      " 1 [ 0.446078896155  0.456772376731  0.383908270146  0.252548552803  0.300574261006  0.443725471438\n",
      "  0.306543801877]\n",
      " 0 [-0.004468674967  0.246854877019  0.510225373597  0.395905701746 -0.494969453257 -0.518217145017\n",
      " -0.091802369528]\n",
      " 1 [-0.001584253654  0.249753219594  0.510482336449  0.388325513201 -0.501895309548 -0.515958740119\n",
      " -0.090108690823]\n",
      " 2 [-0.001584335357  0.249752487444  0.510482176689  0.388327076038 -0.501894182325 -0.515959089901\n",
      " -0.090109164315]\n",
      " 3 [-0.001584335357  0.249752487444  0.510482176689  0.388327076038 -0.501894182325 -0.515959089901\n",
      " -0.090109164315]\n",
      " 0 [-0.003241604917  0.361557065381  0.078660093336 -0.727276204293 -0.503893366745  0.154062463636\n",
      "  0.237705963546]\n",
      " 1 [-0.003227089957  0.361534309289  0.078634615225 -0.727282305681 -0.503886989853  0.154067854743\n",
      "  0.237740555692]\n",
      " 2 [-0.003227089957  0.361534309289  0.078634615225 -0.727282305681 -0.503886989853  0.154067854744\n",
      "  0.237740555692]\n",
      " 0 [ 0.228549334879 -0.303221622116  0.557728209848 -0.339195616061  0.108196238849  0.153479024460\n",
      " -0.628048716535]\n",
      " 1 [-0.228549334879  0.303221622116 -0.557728209848  0.339195616061 -0.108196238849 -0.153479024460\n",
      "  0.628048716535]\n",
      " 0 [-0.430729114742  0.675311745426 -0.119250712673 -0.016624798083  0.256773599286  0.039758862666\n",
      " -0.525752709330]\n",
      " 1 [ 0.430729114742 -0.675311745426  0.119250712673  0.016624798083 -0.256773599286 -0.039758862666\n",
      "  0.525752709330]\n",
      " 0 [-0.188694292843  0.021877703624  0.320589178959 -0.344422984715  0.565897733133 -0.543537763807\n",
      "  0.356142767465]\n",
      " 1 [ 0.188694292843 -0.021877703624 -0.320589178959  0.344422984715 -0.565897733133  0.543537763807\n",
      " -0.356142767465]\n",
      " 0 [ 0.726383362464  0.223176375393 -0.397215400616 -0.150081697981  0.077303900744 -0.438847514390\n",
      " -0.209026055049]\n",
      " 1 [-0.726383362464 -0.223176375393  0.397215400616  0.150081697981 -0.077303900744  0.438847514390\n",
      "  0.209026055049]\n",
      "d == d_np True\n",
      "U_np\n",
      "[[  0.44607890  -0.00158434   0.00322709  -0.22854933   0.43072911   0.18869429  -0.72638336]\n",
      " [  0.45677238   0.24975249  -0.36153431   0.30322162  -0.67531175  -0.02187770  -0.22317638]\n",
      " [  0.38390827   0.51048218  -0.07863462  -0.55772821   0.11925071  -0.32058918   0.39721540]\n",
      " [  0.25254855   0.38832708   0.72728231   0.33919562   0.01662480   0.34442298   0.15008170]\n",
      " [  0.30057426  -0.50189418   0.50388699  -0.10819624  -0.25677360  -0.56589773  -0.07730390]\n",
      " [  0.44372547  -0.51595909  -0.15406785  -0.15347902  -0.03975886   0.54353776   0.43884751]\n",
      " [  0.30654380  -0.09010916  -0.23774056   0.62804872   0.52575271  -0.35614277   0.20902606]]\n",
      "U\n",
      "[[  0.44607890  -0.00158434  -0.00322709  -0.22854933   0.43072911   0.18869429  -0.72638336]\n",
      " [  0.45677238   0.24975249   0.36153431   0.30322162  -0.67531175  -0.02187770  -0.22317638]\n",
      " [  0.38390827   0.51048218   0.07863462  -0.55772821   0.11925071  -0.32058918   0.39721540]\n",
      " [  0.25254855   0.38832708  -0.72728231   0.33919562   0.01662480   0.34442298   0.15008170]\n",
      " [  0.30057426  -0.50189418  -0.50388699  -0.10819624  -0.25677360  -0.56589773  -0.07730390]\n",
      " [  0.44372547  -0.51595909   0.15406785  -0.15347902  -0.03975886   0.54353776   0.43884751]\n",
      " [  0.30654380  -0.09010916   0.23774056   0.62804872   0.52575271  -0.35614277   0.20902606]]\n",
      "column 0: U[0] == U_np[0] ? True\n",
      "column 1: U[1] == U_np[1] ? True\n",
      "column 2: U[2] == U_np[2] ? True\n",
      "column 3: U[3] == U_np[3] ? True\n",
      "column 4: U[4] == U_np[4] ? True\n",
      "column 5: U[5] == U_np[5] ? True\n",
      "column 6: U[6] == U_np[6] ? True\n",
      "行列 A:\n",
      "[[1.11368511 1.33856992 0.66688341]\n",
      " [1.33856992 2.15455348 1.00208491]\n",
      " [0.66688341 1.00208491 0.60438288]]\n",
      " 0 [-0.521518783261 -0.765375819197 -0.377118037349]\n",
      " 1 [ 0.521518783261  0.765375819197  0.377118037349]\n",
      " 0 [ 0.849954623083 -0.504760951587 -0.150975231258]\n",
      " 1 [ 0.849954668295 -0.504760728145 -0.150975723766]\n",
      " 0 [ 0.074801823755  0.399269577643 -0.913777046950]\n",
      " 1 [-0.074801206873 -0.399269912103  0.913776951307]\n",
      "d == d_np True\n",
      "U_np\n",
      "[[ -0.52151878  -0.84995467  -0.07480121]\n",
      " [ -0.76537582   0.50476073  -0.39926991]\n",
      " [ -0.37711804   0.15097572   0.91377695]]\n",
      "U\n",
      "[[  0.52151878   0.84995467  -0.07480121]\n",
      " [  0.76537582  -0.50476073  -0.39926991]\n",
      " [  0.37711804  -0.15097572   0.91377695]]\n",
      "column 0: U[0] == U_np[0] ? True\n",
      "column 1: U[1] == U_np[1] ? True\n",
      "column 2: U[2] == U_np[2] ? True\n",
      "行列 A:\n",
      "[[1.54890228 1.1345822  1.01667591 2.09839504 0.38260146 1.25393839]\n",
      " [1.1345822  1.34383921 0.58294254 1.85736912 0.48967771 0.68723695]\n",
      " [1.01667591 0.58294254 1.21166378 1.65731643 0.18072626 1.08582045]\n",
      " [2.09839504 1.85736912 1.65731643 3.96896388 0.75403261 1.92933556]\n",
      " [0.38260146 0.48967771 0.18072626 0.75403261 0.86787951 0.27968533]\n",
      " [1.25393839 0.68723695 1.08582045 1.92933556 0.27968533 1.37089612]]\n",
      " 0 [-0.406981054903 -0.333333317455 -0.316332356599 -0.685914143127 -0.138397679444 -0.365454554187]\n",
      " 1 [-0.406981054903 -0.333333317455 -0.316332356599 -0.685914143127 -0.138397679444 -0.365454554187]\n",
      " 0 [ 0.056968871343 -0.515297624556  0.472490176373 -0.102508568158 -0.575409617519  0.407886877181]\n",
      " 1 [ 0.056968871810 -0.515297625064  0.472490175109 -0.102508567891 -0.575409617712  0.407886877733]\n",
      " 0 [ 0.144633865823  0.459314330026 -0.237361761134  0.100588981732 -0.795600574456 -0.262054132041]\n",
      " 1 [ 0.144635210548  0.459316378300 -0.237361355596  0.100586941013 -0.795599354572 -0.262054653968]\n",
      " 2 [ 0.144635210548  0.459316378300 -0.237361355596  0.100586941013 -0.795599354572 -0.262054653968]\n",
      " 0 [-0.707803834869 -0.203740918789  0.045659387059  0.631869340940 -0.111082472059 -0.209333251325]\n",
      " 1 [-0.707802295825 -0.203741647101  0.045660252545  0.631869870238 -0.111083273254 -0.209335534699]\n",
      " 2 [-0.707802295825 -0.203741647101  0.045660252545  0.631869870238 -0.111083273254 -0.209335534699]\n",
      " 0 [ 0.103094153495 -0.316443390695 -0.786161156847  0.216066636522 -0.057016255327  0.470372370230]\n",
      " 1 [-0.103094154261  0.316443390726  0.786161157123 -0.216066636575  0.057016255400 -0.470372369548]\n",
      " 0 [-0.546433097320  0.520325516772  0.014568384706 -0.250901822852 -0.034368214916  0.605249609672]\n",
      " 1 [-0.546433097320  0.520325516772  0.014568384706 -0.250901822852 -0.034368214916  0.605249609672]\n",
      "d == d_np True\n",
      "U_np\n",
      "[[ -0.40698105   0.05696887  -0.14463521  -0.70780230   0.10309415   0.54643310]\n",
      " [ -0.33333332  -0.51529763  -0.45931638  -0.20374165  -0.31644339  -0.52032552]\n",
      " [ -0.31633236   0.47249018   0.23736136   0.04566025  -0.78616116  -0.01456838]\n",
      " [ -0.68591414  -0.10250857  -0.10058694   0.63186987   0.21606664   0.25090182]\n",
      " [ -0.13839768  -0.57540962   0.79559935  -0.11108327  -0.05701626   0.03436821]\n",
      " [ -0.36545455   0.40788688   0.26205465  -0.20933553   0.47037237  -0.60524961]]\n",
      "U\n",
      "[[ -0.40698105   0.05696887   0.14463521  -0.70780230  -0.10309415  -0.54643310]\n",
      " [ -0.33333332  -0.51529763   0.45931638  -0.20374165   0.31644339   0.52032552]\n",
      " [ -0.31633236   0.47249018  -0.23736136   0.04566025   0.78616116   0.01456838]\n",
      " [ -0.68591414  -0.10250857   0.10058694   0.63186987  -0.21606664  -0.25090182]\n",
      " [ -0.13839768  -0.57540962  -0.79559935  -0.11108327   0.05701626  -0.03436821]\n",
      " [ -0.36545455   0.40788688  -0.26205465  -0.20933553  -0.47037237   0.60524961]]\n",
      "column 0: U[0] == U_np[0] ? True\n",
      "column 1: U[1] == U_np[1] ? True\n",
      "column 2: U[2] == U_np[2] ? True\n",
      "column 3: U[3] == U_np[3] ? True\n",
      "column 4: U[4] == U_np[4] ? True\n",
      "column 5: U[5] == U_np[5] ? True\n",
      "行列 A:\n",
      "[[0.10243206 0.28689236 0.31758636]\n",
      " [0.28689236 1.19766646 0.77769177]\n",
      " [0.31758636 0.77769177 1.10524747]]\n",
      " 0 [-0.216674233137 -0.707388153628 -0.672795865624]\n",
      " 1 [-0.216674229364 -0.707388146697 -0.672795874127]\n",
      " 0 [-0.087774690671  0.700492719321 -0.708241169275]\n",
      " 1 [-0.087774649616  0.700492717912 -0.708241175756]\n",
      " 0 [-0.972290023200  0.094403188846  0.213869466547]\n",
      " 1 [-0.972290023200  0.094403188846  0.213869466547]\n",
      "d == d_np True\n",
      "U_np\n",
      "[[ -0.21667423   0.08777465   0.97229002]\n",
      " [ -0.70738815  -0.70049272  -0.09440319]\n",
      " [ -0.67279587   0.70824118  -0.21386947]]\n",
      "U\n",
      "[[ -0.21667423  -0.08777465  -0.97229002]\n",
      " [ -0.70738815   0.70049272   0.09440319]\n",
      " [ -0.67279587  -0.70824118   0.21386947]]\n",
      "column 0: U[0] == U_np[0] ? True\n",
      "column 1: U[1] == U_np[1] ? True\n",
      "column 2: U[2] == U_np[2] ? True\n",
      "行列 A:\n",
      "[[1.50601445 1.21526189 1.3244799 ]\n",
      " [1.21526189 1.46801165 1.14875335]\n",
      " [1.3244799  1.14875335 1.24135886]]\n",
      " 0 [ 0.604782494208  0.571474318559  0.554666780983]\n",
      " 1 [ 0.604782494217  0.571474318566  0.554666780967]\n",
      " 0 [ 0.496330327608 -0.815140919892  0.298666179229]\n",
      " 1 [-0.496330328096  0.815140919804 -0.298666178656]\n",
      " 0 [ 0.622811642485  0.094669867316 -0.776622993612]\n",
      " 1 [ 0.622811640948  0.094669868916 -0.776622994650]\n",
      "d == d_np True\n",
      "U_np\n",
      "[[ -0.60478249   0.49633033  -0.62281164]\n",
      " [ -0.57147432  -0.81514092  -0.09466987]\n",
      " [ -0.55466678   0.29866618   0.77662299]]\n",
      "U\n",
      "[[  0.60478249  -0.49633033   0.62281164]\n",
      " [  0.57147432   0.81514092   0.09466987]\n",
      " [  0.55466678  -0.29866618  -0.77662299]]\n",
      "column 0: U[0] == U_np[0] ? True\n",
      "column 1: U[1] == U_np[1] ? True\n",
      "column 2: U[2] == U_np[2] ? True\n",
      "行列 A:\n",
      "[[2.46427887 2.27215398 1.30992982 1.69852129 2.52719889 2.44452769\n",
      "  2.32573519 1.91354795 2.5992746 ]\n",
      " [2.27215398 2.85242445 1.20166623 2.08058144 2.06569188 2.66013345\n",
      "  2.34087759 1.71111696 3.0160413 ]\n",
      " [1.30992982 1.20166623 1.3066247  0.73937703 1.90448069 1.98867583\n",
      "  1.73019067 1.14828453 2.00529669]\n",
      " [1.69852129 2.08058144 0.73937703 1.75322078 1.57672362 1.84830331\n",
      "  1.76172773 1.50532863 1.97442737]\n",
      " [2.52719889 2.06569188 1.90448069 1.57672362 4.13923163 3.59565018\n",
      "  3.56843747 3.33691794 3.3462013 ]\n",
      " [2.44452769 2.66013345 1.98867583 1.84830331 3.59565018 4.65266667\n",
      "  3.79836128 3.25752539 3.71164053]\n",
      " [2.32573519 2.34087759 1.73019067 1.76172773 3.56843747 3.79836128\n",
      "  3.87059563 3.23220581 3.16059562]\n",
      " [1.91354795 1.71111696 1.14828453 1.50532863 3.33691794 3.25752539\n",
      "  3.23220581 3.4388232  2.39649233]\n",
      " [2.5992746  3.0160413  2.00529669 1.97442737 3.3462013  3.71164053\n",
      "  3.16059562 2.39649233 4.39417927]]\n",
      " 0 [-0.286235878383 -0.294530075372 -0.198880076509 -0.216635355727 -0.391111981886 -0.420062471187\n",
      " -0.386741297490 -0.331364552010 -0.395024726892]\n",
      " 1 [-0.286235878383 -0.294530075372 -0.198880076509 -0.216635355727 -0.391111981886 -0.420062471187\n",
      " -0.386741297490 -0.331364552010 -0.395024726892]\n",
      " 0 [-0.246451003703 -0.530960232053 -0.019999376968 -0.334178214785  0.337746723140  0.134240282914\n",
      "  0.251381151471  0.474418299783 -0.353425482109]\n",
      " 1 [ 0.246451003695  0.530960232040  0.019999376980  0.334178214782 -0.337746723135 -0.134240282907\n",
      " -0.251381151471 -0.474418299799  0.353425482122]\n",
      " 0 [ 0.189657985343  0.238897389879 -0.457467146439  0.481608823182 -0.118420188477 -0.202192249731\n",
      "  0.101577455216  0.422626174292 -0.471061277938]\n",
      " 1 [ 0.189698923857  0.238894700104 -0.457431406322  0.481615924039 -0.118374092385 -0.202220655474\n",
      "  0.101550128568  0.422614983886 -0.471088928236]\n",
      " 2 [ 0.189698923857  0.238894700104 -0.457431406322  0.481615924039 -0.118374092386 -0.202220655473\n",
      "  0.101550128568  0.422614983886 -0.471088928236]\n",
      " 0 [-0.468082456203  0.140831843837 -0.134008256604  0.030992929248 -0.546931460139  0.646695519470\n",
      "  0.150318803530  0.031301029979 -0.034954503144]\n",
      " 1 [-0.468084283184  0.140826465890 -0.134031708858  0.030977340173 -0.546915919962  0.646709432568\n",
      "  0.150295810581  0.031315398533 -0.034947349152]\n",
      " 2 [ 0.468084283184 -0.140826465890  0.134031708858 -0.030977340173  0.546915919962 -0.646709432568\n",
      " -0.150295810581 -0.031315398533  0.034947349152]\n",
      " 0 [-0.472900311921  0.011012766837 -0.377663888729  0.056066682746  0.106918836068 -0.264633052743\n",
      " -0.239871935010  0.362926275091  0.599795141461]\n",
      " 1 [-0.472899511908  0.011011561591 -0.377663597927  0.056067226776  0.106918302588 -0.264631748762\n",
      " -0.239873854050  0.362927023334  0.599795376796]\n",
      " 2 [-0.472899511908  0.011011561591 -0.377663597927  0.056067226776  0.106918302588 -0.264631748762\n",
      " -0.239873854050  0.362927023334  0.599795376796]\n",
      " 0 [-0.327062346900  0.091666686173  0.114503978105  0.058396612340 -0.068528901499 -0.460877318269\n",
      "  0.776403254734 -0.212527492107  0.055064079522]\n",
      " 1 [-0.327062250698  0.091666950326  0.114503175212  0.058396095706 -0.068529163619 -0.460877552873\n",
      "  0.776403339331 -0.212527074248  0.055064558815]\n",
      " 0 [-0.427782671865 -0.116037298352  0.438106792408  0.662383230712  0.263143104006  0.046563736899\n",
      " -0.239430968635 -0.084064657134 -0.192462191249]\n",
      " 1 [-0.427782671865 -0.116037298352  0.438106792408  0.662383230712  0.263143104006  0.046563736900\n",
      " -0.239430968635 -0.084064657134 -0.192462191249]\n",
      " 0 [-0.294996447159  0.668703567248 -0.111868889915 -0.334309284374  0.459835634775  0.040353969968\n",
      " -0.116246033606 -0.149077011102 -0.304501132501]\n",
      " 1 [ 0.294996447159 -0.668703567248  0.111868889915  0.334309284374 -0.459835634775 -0.040353969968\n",
      "  0.116246033606  0.149077011102  0.304501132501]\n",
      " 0 [ 0.040221442639 -0.292022765775 -0.610447187888  0.226743620998  0.350725313444  0.245287744070\n",
      "  0.152169267458 -0.528550970413  0.057884054739]\n",
      " 1 [-0.040221442639  0.292022765775  0.610447187888 -0.226743620998 -0.350725313444 -0.245287744070\n",
      " -0.152169267458  0.528550970413 -0.057884054739]\n",
      "d == d_np True\n",
      "U_np\n",
      "[[ -0.28623588   0.24645100   0.18969892  -0.46808428   0.47289951  -0.32706225   0.42778267\n",
      "   -0.29499645   0.04022144]\n",
      " [ -0.29453008   0.53096023   0.23889470   0.14082647  -0.01101156   0.09166695   0.11603730\n",
      "    0.66870357  -0.29202277]\n",
      " [ -0.19888008   0.01999938  -0.45743141  -0.13403171   0.37766360   0.11450318  -0.43810679\n",
      "   -0.11186889  -0.61044719]\n",
      " [ -0.21663536   0.33417821   0.48161592   0.03097734  -0.05606723   0.05839610  -0.66238323\n",
      "   -0.33430928   0.22674362]\n",
      " [ -0.39111198  -0.33774672  -0.11837409  -0.54691592  -0.10691830  -0.06852916  -0.26314310\n",
      "    0.45983563   0.35072531]\n",
      " [ -0.42006247  -0.13424028  -0.20222066   0.64670943   0.26463175  -0.46087755  -0.04656374\n",
      "    0.04035397   0.24528774]\n",
      " [ -0.38674130  -0.25138115   0.10155013   0.15029581   0.23987385   0.77640334   0.23943097\n",
      "   -0.11624603   0.15216927]\n",
      " [ -0.33136455  -0.47441830   0.42261498   0.03131540  -0.36292702  -0.21252707   0.08406466\n",
      "   -0.14907701  -0.52855097]\n",
      " [ -0.39502473   0.35342548  -0.47108893  -0.03494735  -0.59979538   0.05506456   0.19246219\n",
      "   -0.30450113   0.05788405]]\n",
      "U\n",
      "[[ -0.28623588   0.24645100   0.18969892   0.46808428  -0.47289951  -0.32706225  -0.42778267\n",
      "    0.29499645  -0.04022144]\n",
      " [ -0.29453008   0.53096023   0.23889470  -0.14082647   0.01101156   0.09166695  -0.11603730\n",
      "   -0.66870357   0.29202277]\n",
      " [ -0.19888008   0.01999938  -0.45743141   0.13403171  -0.37766360   0.11450318   0.43810679\n",
      "    0.11186889   0.61044719]\n",
      " [ -0.21663536   0.33417821   0.48161592  -0.03097734   0.05606723   0.05839610   0.66238323\n",
      "    0.33430928  -0.22674362]\n",
      " [ -0.39111198  -0.33774672  -0.11837409   0.54691592   0.10691830  -0.06852916   0.26314310\n",
      "   -0.45983563  -0.35072531]\n",
      " [ -0.42006247  -0.13424028  -0.20222066  -0.64670943  -0.26463175  -0.46087755   0.04656374\n",
      "   -0.04035397  -0.24528774]\n",
      " [ -0.38674130  -0.25138115   0.10155013  -0.15029581  -0.23987385   0.77640334  -0.23943097\n",
      "    0.11624603  -0.15216927]\n",
      " [ -0.33136455  -0.47441830   0.42261498  -0.03131540   0.36292702  -0.21252707  -0.08406466\n",
      "    0.14907701   0.52855097]\n",
      " [ -0.39502473   0.35342548  -0.47108893   0.03494735   0.59979538   0.05506456  -0.19246219\n",
      "    0.30450113  -0.05788405]]\n",
      "column 0: U[0] == U_np[0] ? True\n",
      "column 1: U[1] == U_np[1] ? True\n",
      "column 2: U[2] == U_np[2] ? True\n",
      "column 3: U[3] == U_np[3] ? True\n",
      "column 4: U[4] == U_np[4] ? True\n",
      "column 5: U[5] == U_np[5] ? True\n",
      "column 6: U[6] == U_np[6] ? True\n",
      "column 7: U[7] == U_np[7] ? True\n",
      "column 8: U[8] == U_np[8] ? True\n",
      "行列 A:\n",
      "[[2.22754497 1.779442   1.48926222 1.41296606 2.40191517 2.54695666\n",
      "  2.21415775 1.42781976 2.4313249 ]\n",
      " [1.779442   2.46253542 1.68616547 2.06393535 2.16897168 2.71222949\n",
      "  2.54616072 1.87881357 2.54766558]\n",
      " [1.48926222 1.68616547 2.62921666 1.6916661  2.32893851 2.4965102\n",
      "  2.23918803 1.38102736 2.46272342]\n",
      " [1.41296606 2.06393535 1.6916661  2.77458215 2.17207626 2.9022746\n",
      "  2.34288522 2.03877174 2.69491683]\n",
      " [2.40191517 2.16897168 2.32893851 2.17207626 3.46819414 3.37083238\n",
      "  2.74356608 1.91097384 3.11190566]\n",
      " [2.54695666 2.71222949 2.4965102  2.9022746  3.37083238 4.18799233\n",
      "  3.09173689 2.58924357 3.46060732]\n",
      " [2.21415775 2.54616072 2.23918803 2.34288522 2.74356608 3.09173689\n",
      "  3.391227   2.01073134 3.25985667]\n",
      " [1.42781976 1.87881357 1.38102736 2.03877174 1.91097384 2.58924357\n",
      "  2.01073134 2.60776602 2.00907241]\n",
      " [2.4313249  2.54766558 2.46272342 2.69491683 3.11190566 3.46060732\n",
      "  3.25985667 2.00907241 3.60911138]]\n",
      " 0 [ 0.273873274538  0.301395120912  0.279991314725  0.306168104555  0.361932940955  0.417228216024\n",
      "  0.363316640935  0.268936034037  0.390666041572]\n",
      " 1 [ 0.273873274538  0.301395120912  0.279991314725  0.306168104555  0.361932940955  0.417228216024\n",
      "  0.363316640935  0.268936034037  0.390666041572]\n",
      " 0 [-0.300432648238  0.171547667229 -0.350819176258  0.450017046504 -0.343996938606  0.111457249959\n",
      " -0.095352304225  0.623004260858 -0.163521258128]\n",
      " 1 [ 0.300432648194 -0.171547667171  0.350819176285 -0.450017046512  0.343996938650 -0.111457250009\n",
      "  0.095352304188 -0.623004260840  0.163521258151]\n",
      " 0 [-0.561159209078 -0.020565395849  0.621899594976  0.338705981240 -0.261620414506 -0.171260607621\n",
      "  0.135659019037 -0.214523541779  0.144904803817]\n",
      " 1 [-0.561105852737 -0.020435166097  0.622071418232  0.338522974138 -0.261799586363 -0.171241289666\n",
      "  0.135611553212 -0.214335713947  0.144841562637]\n",
      " 2 [-0.561105852744 -0.020435166107  0.622071418191  0.338522974179 -0.261799586352 -0.171241289667\n",
      "  0.135611553217 -0.214335713978  0.144841562656]\n",
      " 0 [ 0.130578945445  0.409029406443 -0.374460343290 -0.009640695399 -0.371915009546 -0.335741266631\n",
      "  0.553523744558 -0.253441111317  0.231660714901]\n",
      " 1 [ 0.130546106189  0.408973910632 -0.374487168805 -0.009569788210 -0.371927113888 -0.335792941297\n",
      "  0.553526592374 -0.253377777197  0.231704920586]\n",
      " 2 [-0.130546106188 -0.408973910632  0.374487168804  0.009569788209  0.371927113889  0.335792941297\n",
      " -0.553526592374  0.253377777197 -0.231704920585]\n",
      " 0 [-0.025724845155 -0.212423857409 -0.414011065475  0.570119944482  0.148502903736  0.190452970321\n",
      " -0.242167807734 -0.516677412751  0.271746538968]\n",
      " 1 [ 0.025724871489  0.212423881753  0.414011037247 -0.570119956978 -0.148502926003 -0.190452980016\n",
      "  0.242167828702  0.516677398213 -0.271746524227]\n",
      " 0 [ 0.042584486572  0.621051180546  0.137328254559 -0.105748247430 -0.276171162843  0.472431540241\n",
      " -0.342740363557 -0.343456864284 -0.218047255143]\n",
      " 1 [-0.042584247806 -0.621050602540 -0.137329020647  0.105748393708  0.276172948764 -0.472432163520\n",
      "  0.342738863314  0.343456503046  0.218047709397]\n",
      " 0 [-0.411624407682  0.467837457906 -0.139802962561  0.025879405392  0.665781838789 -0.304185902535\n",
      " -0.014533086308 -0.064390847973 -0.226554487825]\n",
      " 1 [-0.411616113072  0.467837975058 -0.139798529978  0.025882614326  0.665782878007 -0.304196398776\n",
      " -0.014538875025 -0.064384453177 -0.226555157680]\n",
      " 2 [-0.411616113072  0.467837975058 -0.139798529978  0.025882614326  0.665782878007 -0.304196398776\n",
      " -0.014538875025 -0.064384453177 -0.226555157680]\n",
      " 0 [-0.302444988180 -0.248794988911 -0.152749692637 -0.106544063167  0.046635387743  0.509959607381\n",
      "  0.587245750413 -0.171895208468 -0.418694138959]\n",
      " 1 [-0.302444988215 -0.248794988849 -0.152749692643 -0.106544063158  0.046635387798  0.509959607366\n",
      "  0.587245750400 -0.171895208490 -0.418694138992]\n",
      " 0 [ 0.489362449477 -0.021355316663  0.195388801726  0.490729385174  0.005961064422 -0.243636371596\n",
      "  0.113765718654 -0.103864240652 -0.630834047194]\n",
      " 1 [ 0.489362449477 -0.021355316663  0.195388801726  0.490729385174  0.005961064422 -0.243636371596\n",
      "  0.113765718654 -0.103864240652 -0.630834047194]\n",
      "d == d_np True\n",
      "U_np\n",
      "[[  0.27387327   0.30043265  -0.56110585  -0.13054611   0.02572487  -0.04258425   0.41161611\n",
      "    0.30244499  -0.48936245]\n",
      " [  0.30139512  -0.17154767  -0.02043517  -0.40897391   0.21242388  -0.62105060  -0.46783798\n",
      "    0.24879499   0.02135532]\n",
      " [  0.27999131   0.35081918   0.62207142   0.37448717   0.41401104  -0.13732902   0.13979853\n",
      "    0.15274969  -0.19538880]\n",
      " [  0.30616810  -0.45001705   0.33852297   0.00956979  -0.57011996   0.10574839  -0.02588261\n",
      "    0.10654406  -0.49072939]\n",
      " [  0.36193294   0.34399694  -0.26179959   0.37192711  -0.14850293   0.27617295  -0.66578288\n",
      "   -0.04663539  -0.00596106]\n",
      " [  0.41722822  -0.11145725  -0.17124129   0.33579294  -0.19045298  -0.47243216   0.30419640\n",
      "   -0.50995961   0.24363637]\n",
      " [  0.36331664   0.09535230   0.13561155  -0.55352659   0.24216783   0.34273886   0.01453888\n",
      "   -0.58724575  -0.11376572]\n",
      " [  0.26893603  -0.62300426  -0.21433571   0.25337778   0.51667740   0.34345650   0.06438445\n",
      "    0.17189521   0.10386424]\n",
      " [  0.39066604   0.16352126   0.14484156  -0.23170492  -0.27174652   0.21804771   0.22655516\n",
      "    0.41869414   0.63083405]]\n",
      "U\n",
      "[[  0.27387327   0.30043265  -0.56110585  -0.13054611   0.02572487  -0.04258425  -0.41161611\n",
      "   -0.30244499   0.48936245]\n",
      " [  0.30139512  -0.17154767  -0.02043517  -0.40897391   0.21242388  -0.62105060   0.46783798\n",
      "   -0.24879499  -0.02135532]\n",
      " [  0.27999131   0.35081918   0.62207142   0.37448717   0.41401104  -0.13732902  -0.13979853\n",
      "   -0.15274969   0.19538880]\n",
      " [  0.30616810  -0.45001705   0.33852297   0.00956979  -0.57011996   0.10574839   0.02588261\n",
      "   -0.10654406   0.49072939]\n",
      " [  0.36193294   0.34399694  -0.26179959   0.37192711  -0.14850293   0.27617295   0.66578288\n",
      "    0.04663539   0.00596106]\n",
      " [  0.41722822  -0.11145725  -0.17124129   0.33579294  -0.19045298  -0.47243216  -0.30419640\n",
      "    0.50995961  -0.24363637]\n",
      " [  0.36331664   0.09535230   0.13561155  -0.55352659   0.24216783   0.34273886  -0.01453888\n",
      "    0.58724575   0.11376572]\n",
      " [  0.26893603  -0.62300426  -0.21433571   0.25337778   0.51667740   0.34345650  -0.06438445\n",
      "   -0.17189521  -0.10386424]\n",
      " [  0.39066604   0.16352126   0.14484156  -0.23170492  -0.27174652   0.21804771  -0.22655516\n",
      "   -0.41869414  -0.63083405]]\n",
      "column 0: U[0] == U_np[0] ? True\n",
      "column 1: U[1] == U_np[1] ? True\n",
      "column 2: U[2] == U_np[2] ? True\n",
      "column 3: U[3] == U_np[3] ? True\n",
      "column 4: U[4] == U_np[4] ? True\n",
      "column 5: U[5] == U_np[5] ? True\n",
      "column 6: U[6] == U_np[6] ? True\n",
      "column 7: U[7] == U_np[7] ? True\n",
      "column 8: U[8] == U_np[8] ? True\n",
      "行列 A:\n",
      "[[1.53518841 1.06572922 1.39164467]\n",
      " [1.06572922 1.01145408 1.28876508]\n",
      " [1.39164467 1.28876508 1.71553739]]\n",
      " 0 [ 0.585155157858  0.492398160368  0.644311642684]\n",
      " 1 [ 0.585155158037  0.492398160864  0.644311642142]\n",
      " 0 [-0.810889367936  0.348240127260  0.470305482355]\n",
      " 1 [ 0.810889367725 -0.348240129888 -0.470305480774]\n",
