{
 "cells": [
  {
   "cell_type": "markdown",
   "metadata": {},
   "source": [
    "# 科学技術計算 5 レポート\n"
   ]
  },
  {
   "cell_type": "code",
   "execution_count": 2,
   "metadata": {},
   "outputs": [],
   "source": [
    "import numpy as np\n",
    "import scipy\n",
    "\n",
    "from numpy.linalg import inv, norm, solve, det, matrix_rank, cond, pinv, lstsq, eig, eigh, eigvals, eigvalsh\n",
    "from numpy import diag\n",
    "rng = np.random.default_rng()\n",
    "\n",
    "import matplotlib.pyplot as plt\n",
    "from matplotlib import rcParams\n",
    "rcParams[\"savefig.bbox\"] = \"tight\"\n",
    "\n",
    "from typing import List, Optional, Union, Tuple\n",
    "\n",
    "import sklearn\n",
    "from sklearn.decomposition import PCA\n",
    "from sklearn.datasets import fetch_olivetti_faces\n",
    "\n",
    "from matplotlib.pyplot import imshow\n",
    "from typing import Tuple, List, Optional, Union\n",
    "from tqdm.auto import tqdm\n",
    "\n"
   ]
  },
  {
   "cell_type": "markdown",
   "metadata": {},
   "source": [
    "## 課題05-1"
   ]
  },
  {
   "cell_type": "code",
   "execution_count": 4,
   "metadata": {},
   "outputs": [],
   "source": [
    "#レイリー商反復について\n",
    "\n",
    "#関数\n",
    "def rayleigh_quotient_iteration(A: np.ndarray,mu: float, u, tol = 1e-12,n = np.ndarray, maxiter: int = 5000,) -> Tuple[float, np.ndarray]:\n",
    "    \"\"\"Rayleigh quotioent iteration for computing the largest eigenvalue and its eigenvector of A\n",
    "\n",
    "    Args:\n",
    "        A (np.ndarray): nxn matrix A\n",
    "        mu (float): initial eigenvalue\n",
    "        u (np.ndarray): n-d initial eigenvector\n",
    "        maxiter (int, optional): max iterations. Defaults to 50.\n",
    "\n",
    "    Returns:\n",
    "        Tuple[float, np.ndarray]: the largest eigenvalue and its eigenvector\n",
    "    \"\"\"\n",
    "    #入力 行列Aが対称かどうか muがシフト値uは\n",
    "    assert A.ndim == 2\n",
    "    assert A.shape[0] == A.shape[1]\n",
    "    n = A.shape[0]\n",
    "    assert len(u) == n\n",
    "\n",
    "    u_pre = u.copy()\n",
    "\n",
    "    #レイリー商反復\n",
    "    for i in range(maxiter):\n",
    "\n",
    "        try:\n",
    "            u = solve(A - mu * np.eye(n), u)    #シフト値muを用いて連立方程式を解く\n",
    "        except:\n",
    "            break\n",
    "        \n",
    "        u /= norm(u)    #正規化\n",
    "        mu = u.T @ A @ u\n",
    "\n",
    "        with np.printoptions(formatter={'float': '{: 12.12f}'.format}, suppress=True, linewidth=100):\n",
    "            print(f\"{i:2d}\", u)\n",
    "\n",
    "        if np.allclose(u, u_pre) or np.allclose(u, -u_pre):         #uの値がめっちゃちかくなった→近似\n",
    "            break\n",
    "        u_pre = u.copy()\n",
    "        \n",
    "    return mu, u\n",
    "\n"
   ]
  },
  {
   "cell_type": "code",
   "execution_count": 210,
   "metadata": {},
   "outputs": [],
   "source": [
    "#ハウスホルダー法\n",
    "def householder_step( A: np.ndarray, k: int) -> Tuple[np.ndarray, np.ndarray]:\n",
    "    \"\"\"k-th step of Householder transform from nxn symmetric to tridiagonal\n",
    "\n",
    "    Args:\n",
    "        A (np.ndarray): an nxn symmetric matrix\n",
    "        k (int): step\n",
    "\n",
    "    Returns:\n",
    "        Tuple[np.ndarray, np.ndarray]: transformed matrix QAQ after k-th step, and the transfrom Q\n",
    "    \"\"\"\n",
    "    assert A.ndim == 2  #2次元であるかチェック\n",
    "    assert A.shape[0] == A.shape[1] #正方行列かどうかチェック\n",
    "\n",
    "    n = A.shape[0]\n",
    "    assert 0 <= k < n - 2\n",
    "\n",
    "    x = A[k + 1:, k]  # Aのk列目のk+1行目以降の部分を取得(縦の部分)\n",
    "    y = np.zeros_like(x) #全部ゼロの配列\n",
    "    # y[0] = - np.sign(A[k + 1, k]) * norm(x)\n",
    "    y[0] = - np.sign(x[0]) * norm(x)  # ベクトルyの先頭要素を設定\n",
    "\n",
    "    # print(\"x\", x)\n",
    "    # print(\"y\", y)\n",
    "\n",
    "    u = (x - y) / norm(x - y)  # 単位ベクトルuを計算\n",
    "    H = np.eye(len(x)) - 2 * np.outer(u, u)  # ハウスホルダー行列Hを計算\n",
    "\n",
    "    Q = np.eye(n)   #単位行列\n",
    "    Q[k + 1:, k + 1:] = H  # QにHを組み込む\n",
    "\n",
    "    QAQ = Q @ A @ Q  # 変換後の行列を計算\n",
    "    return QAQ, Q\n",
    "\n",
    "def householder_transform(A: np.ndarray,) -> Tuple[np.ndarray, np.ndarray]:\n",
    "    \"\"\"Householder transform from nxn symmetric to tridiagonal\n",
    "\n",
    "    Args:\n",
    "        A (np.ndarray): an nxn symmetric matrix\n",
    "\n",
    "    Returns:\n",
    "        Tuple[np.ndarray, np.ndarray]: tridiagonal Atri and orthogonal Qhh\n",
    "                                       so that Qhh A Qhh == Atri\n",
    "    \"\"\"\n",
    "    assert A.ndim == 2\n",
    "    assert A.shape[0] == A.shape[1]\n",
    "    n = A.shape[0]\n",
    "\n",
    "    Atri = A.copy()\n",
    "    Qhh = np.eye(n)\n",
    "    for k in range(n - 2):\n",
    "        # print(f\"{k}-th step\")\n",
    "        Atri, Q = householder_step(Atri, k)\n",
    "        Qhh = Qhh @ Q  # 直交行列を更新\n",
    "        # print(\"Atri\\n\", Atri, sep='')\n",
    "        # print(\"Q\\n\", Q, sep='')\n",
    "        # print(\"Qhh\\n\", Qhh, sep='')\n",
    "    return Atri, Qhh\n"
   ]
  },
  {
   "cell_type": "code",
   "execution_count": 211,
   "metadata": {},
   "outputs": [],
   "source": [
    "#ぎぶんす変換\n",
    "def givens_r_matrix(xp_xq: np.ndarray) -> np.ndarray:\n",
    "    \"\"\"generate a matrix of Givens rotation\n",
    "\n",
    "    Args:\n",
    "        xp_xq (ndarray): two values xp, xq\n",
    "\n",
    "    Returns:\n",
    "        ndarray: 2D rotation matrix\n",
    "    \"\"\"\n",
    "    assert len(xp_xq) == 2\n",
    "\n",
    "    xp, xq = xp_xq[0], xp_xq[1]\n",
    "\n",
    "    # denominator = np.sqrt(xp**2 + xq**2)\n",
    "    denominator = norm(xp_xq)\n",
    "    c = xp / denominator\n",
    "    s = -xq / denominator\n",
    "\n",
    "    R = np.array([\n",
    "        [c, s],\n",
    "        [-s, c]\n",
    "    ])\n",
    "    return R\n",
    "\n",
    "def qr_decom_by_givens(Atri_org: np.ndarray,) -> Tuple[np.ndarray, np.ndarray]:\n",
    "    \"\"\"QR decomposition of a tridiagonal matrix by Givens rotation\n",
    "\n",
    "    Args:\n",
    "        Atri_org (np.ndarray): an nxn tridiagonal matrix\n",
    "\n",
    "    Returns:\n",
    "        Tuple[np.ndarray, np.ndarray]: orthogonal Q and upper traiangular R so that A == QR\n",
    "    \"\"\"\n",
    "    assert len(Atri_org.shape) == 2\n",
    "    assert Atri_org.shape[0] == Atri_org.shape[1]\n",
    "    # assert AAtri_org should be tridiagonal\n",
    "    n = Atri_org.shape[0]\n",
    "\n",
    "    Atri = Atri_org.copy()\n",
    "    Q = np.eye(n)\n",
    "\n",
    "    for k in range(n - 1):\n",
    "        p, q = k, k + 1\n",
    "        Rot2x2 = givens_r_matrix(Atri[[p, q]][:, p])\n",
    "        Atri[[p, q]] = Rot2x2.T @ Atri[[p, q]]\n",
    "        Q[:, [p, q]] = Q[:, [p, q]] @ Rot2x2\n",
    "\n",
    "    R = Atri\n",
    "    return Q, R"
   ]
  },
  {
   "cell_type": "code",
   "execution_count": 212,
   "metadata": {},
   "outputs": [],
   "source": [
    "#QR法関数\n",
    "def eigh_by_qr_method(A0: np.ndarray, maxiter: int = 1000,) -> Tuple[np.ndarray, np.ndarray]:\n",
    "    \"\"\"\n",
    "    Computing eigenvalues and eigenvectors by QR decompoition\n",
    "\n",
    "    Args:\n",
    "        A0 (np.ndarray): nxn matrix\n",
    "        maxiter (int, optional): max iterations. Defaults to 1000.\n",
    "        qr_decomp (callable, optional): QR decomposition solver. Defaults to np.linalg.qr.\n",
    "\n",
    "    Returns:\n",
    "        Tuple[np.ndarray, np.ndarray]: n-d vector of eigenvalues and orthogonal matrix with eigenvector columns\n",
    "    \"\"\"\n",
    "    assert A0.ndim == 2\n",
    "    assert A0.shape[0] == A0.shape[1]\n",
    "    n = A0.shape[0]\n",
    "    A = A0.copy()\n",
    "\n",
    "    Qall = np.eye(n)\n",
    "    diagonals_pre = diag(A)\n",
    "    #ハウスホルダー変換\n",
    "    Atri, Qhh = householder_transform(A)\n",
    "    Qall = Qhh\n",
    "    Atri_org = Atri.copy()\n",
    "\n",
    "    for i in range(maxiter):\n",
    "        \n",
    "        Q, R = qr_decom_by_givens(Atri_org)\n",
    "        Atri_org = R @ Q\n",
    "        Qall = Qall @ Q\n",
    "\n",
    "        diagonals = diag(Atri_org)\n",
    "        # with np.printoptions(formatter={'float': '{: 12.8f}'.format}, suppress=True, linewidth=100):\n",
    "        #     print(f\"     diagonals {i:2d}\", diagonals)\n",
    "        #     print(f\"superdiagonals {i:2d}\", superdiagonals)\n",
    "\n",
    "        if (np.allclose(diagonals, diagonals_pre)):\n",
    "            # with np.printoptions(formatter={'float': '{: 12.8f}'.format}, suppress=True, linewidth=100):\n",
    "            #     print(\"A\\n\", A, sep='')\n",
    "            break\n",
    "\n",
    "        diagonals_pre = diagonals.copy()\n",
    "\n",
    "    return diagonals, Qall\n"
   ]
  },
  {
   "cell_type": "code",
   "execution_count": 213,
   "metadata": {},
   "outputs": [],
   "source": [
    "#今回のやつ\n",
    "def eigh_via_qr_rayleigh( A: np.ndarray,) -> Tuple[np.ndarray, np.ndarray]:\n",
    "    # print(\"A =\", A)\n",
    "    assert A.ndim == 2\n",
    "    assert A.shape[0] == A.shape[1]\n",
    "    n = A.shape[0]\n",
    "\n",
    "    \n",
    "    eigenvalues_approx, Qqr  = eigh_by_qr_method(A) #これでAがぎぶんす変換で更新しながら固有値と固有べくとるを出力できたってことかな\n",
    "\n",
    "    eigenvalues = np.zeros(n)\n",
    "    eigenvectors = np.zeros((n, n))\n",
    "\n",
    "    for k in range(n):\n",
    "        mu0 = eigenvalues_approx[k]\n",
    "        u0 = Qqr[k, :]\n",
    "\n",
    "\n",
    "        mu_refined, u_refined = rayleigh_quotient_iteration(A, mu0, u0)\n",
    "\n",
    "        eigenvalues[k] = mu_refined\n",
    "        eigenvectors[:, k] = u_refined\n",
    "\n",
    "    return eigenvalues, eigenvectors\n"
   ]
  },
  {
   "cell_type": "code",
   "execution_count": 214,
   "metadata": {},
   "outputs": [
    {
     "data": {
      "application/vnd.jupyter.widget-view+json": {
       "model_id": "c171a8fd51c54be2a89acbec484f8fe5",
       "version_major": 2,
       "version_minor": 0
      },
      "text/plain": [
       "  0%|          | 0/10 [00:00<?, ?it/s]"
      ]
     },
     "metadata": {},
     "output_type": "display_data"
    },
    {
     "name": "stdout",
     "output_type": "stream",
     "text": [
      "行列 A:\n",
      "[[2.39987935 1.35218589 1.08609952 2.08776144 1.74265562 1.56053878]\n",
      " [1.35218589 1.22199847 0.96185957 1.20092069 1.50667139 1.15093259]\n",
      " [1.08609952 0.96185957 1.09304196 1.08595342 1.51343625 1.39915741]\n",
      " [2.08776144 1.20092069 1.08595342 2.26833912 1.70420652 2.04191779]\n",
      " [1.74265562 1.50667139 1.51343625 1.70420652 2.68238923 1.95119801]\n",
      " [1.56053878 1.15093259 1.39915741 2.04191779 1.95119801 2.49511458]]\n",
      " 0 [-0.435462372235 -0.309792264033 -0.300277602459 -0.445452413591 -0.470099215421 -0.452563268351]\n",
      " 1 [ 0.435462372235  0.309792264033  0.300277602459  0.445452413591  0.470099215421  0.452563268351]\n",
      " 0 [ 0.594756529100 -0.079538933015 -0.326779472604  0.454202995454 -0.540324771254 -0.186821267532]\n",
      " 1 [ 0.594746177557 -0.079546314407 -0.326781624707  0.454211081021 -0.540332660597 -0.186804838452]\n",
      " 2 [-0.594746177557  0.079546314407  0.326781624707 -0.454211081021  0.540332660597  0.186804838452]\n",
      " 0 [-0.367816584888 -0.394567487045 -0.013028175872  0.284210258118 -0.346445419629  0.712781751366]\n",
      " 1 [-0.367832504358 -0.394592755948 -0.013026412654  0.284213909623 -0.346413045657  0.712773858695]\n",
      " 2 [ 0.367832504358  0.394592755948  0.013026412654 -0.284213909623  0.346413045657 -0.712773858695]\n",
      " 0 [-0.041786517721  0.639528450301  0.426284911456 -0.186606120860 -0.597744332611  0.124170410913]\n",
      " 1 [ 0.041786517759 -0.639528429654 -0.426284931991  0.186606123613  0.597744337417 -0.124170419472]\n",
      " 0 [-0.435720687993  0.565955926323 -0.599138980340  0.348216883803  0.097045713794 -0.014176918590]\n",
      " 1 [-0.435720664410  0.565955964936 -0.599138998540  0.348216828136  0.097045688491 -0.014176873286]\n",
      " 0 [-0.360208474256 -0.112671768342  0.512045955921  0.598673608833 -0.018143505230 -0.486440736393]\n",
      " 1 [ 0.360208474256  0.112671768342 -0.512045955921 -0.598673608833  0.018143505230  0.486440736393]\n",
      "d == d_np True\n",
      "column 0: U[0] == U_np[0] ? True\n",
      "column 1: U[1] == U_np[1] ? True\n",
      "column 2: U[2] == U_np[2] ? True\n",
      "column 3: U[3] == U_np[3] ? True\n",
      "column 4: U[4] == U_np[4] ? True\n",
      "column 5: U[5] == U_np[5] ? True\n",
      "行列 A:\n",
      "[[0.90262832 0.60062151 0.76687778 1.11111675 0.59081384]\n",
      " [0.60062151 1.68666527 0.95343741 1.65526076 1.81253956]\n",
      " [0.76687778 0.95343741 1.83631625 1.61563034 1.17617092]\n",
      " [1.11111675 1.65526076 1.61563034 2.29966535 1.9760588 ]\n",
      " [0.59081384 1.81253956 1.17617092 1.9760588  2.37561489]]\n",
      " 0 [ 0.240847663952  0.440931719357  0.400680976334  0.555677091834  0.527493456309]\n",
      " 1 [ 0.240847663952  0.440931719357  0.400680976334  0.555677091834  0.527493456309]\n",
      " 0 [ 0.411935301383 -0.386564762667  0.629073417934  0.158615469465 -0.509887006536]\n",
      " 1 [ 0.411936961580 -0.386564862627  0.629073945422  0.158613632527 -0.509885510124]\n",
      " 2 [ 0.411936961580 -0.386564862627  0.629073945422  0.158613632527 -0.509885510124]\n",
      " 0 [-0.710189555258 -0.109114231711  0.620680879495 -0.242376122998  0.199333742427]\n",
      " 1 [-0.710188994284 -0.109112733761  0.620681964129 -0.242376892143  0.199332248494]\n",
      " 2 [ 0.710188994284  0.109112733761 -0.620681964129  0.242376892143 -0.199332248494]\n",
      " 0 [ 0.053778022845 -0.801826454629 -0.159169586340  0.228381776047  0.526012421973]\n",
      " 1 [-0.053778026761  0.801826454590  0.159169583924 -0.228381768531 -0.526012425626]\n",
      " 0 [ 0.514820223190  0.036270834384  0.182043039969 -0.745090525314  0.381241399974]\n",
      " 1 [-0.514820219775 -0.036270840882 -0.182043042585  0.745090528154 -0.381241397167]\n",
      "d == d_np True\n",
      "column 0: U[0] == U_np[0] ? True\n",
      "column 1: U[1] == U_np[1] ? True\n",
      "column 2: U[2] == U_np[2] ? True\n",
      "column 3: U[3] == U_np[3] ? True\n",
      "column 4: U[4] == U_np[4] ? True\n",
      "行列 A:\n",
      "[[0.40574594 0.20976326]\n",
      " [0.20976326 0.11217192]]\n",
      " 0 [ 0.886943744152  0.461877467203]\n",
      " 1 [ 0.886943744152  0.461877467203]\n",
      " 0 [ 0.461877467203 -0.886943744152]\n",
      " 1 [-0.461877467203  0.886943744152]\n",
      "d == d_np True\n",
      "column 0: U[0] == U_np[0] ? True\n",
      "column 1: U[1] == U_np[1] ? True\n",
      "行列 A:\n",
      "[[2.06522476 1.48998637 1.42689187 1.95723326 1.76129954 1.89017593\n",
      "  0.74654613 2.01132733 1.3418444 ]\n",
      " [1.48998637 2.16690061 1.63137042 2.04135213 1.4024887  2.01601709\n",
      "  0.86904134 1.21169899 1.46080673]\n",
      " [1.42689187 1.63137042 1.95094616 1.37940843 1.37276    2.1641313\n",
      "  0.8420966  1.34308688 1.17367862]\n",
      " [1.95723326 2.04135213 1.37940843 3.06666895 1.79031355 2.43150672\n",
      "  1.03380628 2.10637017 1.86817392]\n",
      " [1.76129954 1.4024887  1.37276    1.79031355 1.75396578 1.69758392\n",
      "  0.66783098 1.83819008 1.10536934]\n",
      " [1.89017593 2.01601709 2.1641313  2.43150672 1.69758392 3.46823125\n",
      "  1.17690525 1.88031461 2.02968661]\n",
      " [0.74654613 0.86904134 0.8420966  1.03380628 0.66783098 1.17690525\n",
      "  0.67680738 0.91967084 0.93747998]\n",
      " [2.01132733 1.21169899 1.34308688 2.10637017 1.83819008 1.88031461\n",
      "  0.91967084 2.66782553 1.18606956]\n",
      " [1.3418444  1.46080673 1.17367862 1.86817392 1.10536934 2.02968661\n",
      "  0.93747998 1.18606956 2.32549859]]\n",
      " 0 [-0.335727263050 -0.325585034782 -0.301343055871 -0.407460743400 -0.305752993801 -0.431815583229\n",
      " -0.177675531983 -0.346245359051 -0.305033868235]\n",
      " 1 [-0.335727263050 -0.325585034782 -0.301343055871 -0.407460743400 -0.305752993801 -0.431815583229\n",
      " -0.177675531983 -0.346245359051 -0.305033868235]\n",
      " 0 [ 0.318636621511 -0.267194355410 -0.188269536033  0.071355094318  0.313612007826 -0.374149603888\n",
      " -0.098517051456  0.615041971281 -0.400272730497]\n",
      " 1 [-0.318636621566  0.267194355414  0.188269535981 -0.071355094242 -0.313612007842  0.374149603866\n",
      "  0.098517051430 -0.615041971265  0.400272730527]\n",
      " 0 [-0.050399888904 -0.065504956904 -0.609847243995  0.515567283366 -0.135860087218 -0.259643454287\n",
      "  0.032862924039  0.004957673053  0.518139392618]\n",
      " 1 [ 0.050399889799  0.065504956706  0.609847243886 -0.515567281865  0.135860089804  0.259643451330\n",
      " -0.032862924481 -0.004957671810 -0.518139394965]\n",
      " 0 [-0.027411166199 -0.677451095997 -0.024481060219 -0.332129587820 -0.144062712014  0.393978309268\n",
      "  0.140484343260  0.321508987024  0.361001942488]\n",
      " 1 [-0.027408740731 -0.677449608581 -0.024483708350 -0.332131256530 -0.144061358021  0.393970405654\n",
      "  0.140483347089  0.321506646793  0.361014840525]\n",
      " 2 [ 0.027408740731  0.677449608581  0.024483708350  0.332131256530  0.144061358021 -0.393970405654\n",
      " -0.140483347089 -0.321506646793 -0.361014840525]\n",
      " 0 [-0.325074590903 -0.121214693013 -0.186124012491  0.476549502802 -0.230134247894  0.513423834313\n",
      " -0.011452512473  0.077765453914 -0.543274792661]\n",
      " 1 [-0.325065220917 -0.121217765699 -0.186128775942  0.476547154181 -0.230133620650  0.513430717050\n",
      " -0.011466408276  0.077763366663 -0.543273908595]\n",
      " 2 [ 0.325065220917  0.121217765699  0.186128775942 -0.476547154181  0.230133620650 -0.513430717050\n",
      "  0.011466408276 -0.077763366663  0.543273908595]\n",
      " 0 [-0.424119201729  0.203208744401  0.213420085361 -0.020506134720 -0.280968068992 -0.321155894481\n",
      "  0.619132980838  0.408628962953 -0.021749318375]\n",
      " 1 [ 0.424119201727 -0.203208744399 -0.213420085362  0.020506134720  0.280968068987  0.321155894483\n",
      " -0.619132980844 -0.408628962948  0.021749318375]\n",
      " 0 [-0.643946583338 -0.197230844659  0.148082549789  0.118095656783  0.690632624020 -0.062522170351\n",
      " -0.107901061371 -0.045752624959  0.126251261926]\n",
      " 1 [ 0.643946583338  0.197230844659 -0.148082549789 -0.118095656783 -0.690632624020  0.062522170351\n",
      "  0.107901061371  0.045752624959 -0.126251261926]\n",
      " 0 [ 0.109213117514 -0.412576379543  0.628913868912  0.444255122907 -0.301117565727 -0.282152183889\n",
      " -0.198948416312 -0.112240347174  0.049979456961]\n",
      " 1 [-0.109305605988  0.413552713269 -0.628880884891 -0.444538914604  0.300033947907  0.282145829885\n",
      "  0.197462601545  0.113253964035 -0.049757866429]\n",
      " 2 [ 0.109305607119 -0.413552714358  0.628880884635  0.444538915015 -0.300033947078 -0.282145829970\n",
      " -0.197462598878 -0.113253965732  0.049757865713]\n",
      " 0 [ 0.265906620894 -0.307722638387 -0.057091339740  0.119169059114  0.262931622032 -0.026907402439\n",
      "  0.708840803909 -0.459342798091 -0.183933747450]\n",
      " 1 [-0.265154859067  0.305711078237  0.060184538951 -0.116979755434 -0.264674644685  0.025543509425\n",
      " -0.709802117383  0.458804833348  0.184122611561]\n",
      " 2 [ 0.265154874021 -0.305711131434 -0.060184457871  0.116979812739  0.264674605014 -0.025543545794\n",
      "  0.709802092002 -0.458804847923 -0.184122605304]\n",
      "d == d_np True\n",
      "column 0: U[0] == U_np[0] ? True\n",
      "column 1: U[1] == U_np[1] ? True\n",
      "column 2: U[2] == U_np[2] ? True\n",
      "column 3: U[3] == U_np[3] ? True\n",
      "column 4: U[4] == U_np[4] ? True\n",
      "column 5: U[5] == U_np[5] ? True\n",
      "column 6: U[6] == U_np[6] ? True\n",
      "column 7: U[7] == U_np[7] ? True\n",
      "column 8: U[8] == U_np[8] ? True\n",
      "行列 A:\n",
      "[[1.61685572 0.90544464 1.29583257 1.0141625  1.92997004 1.0954619\n",
      "  0.95085442]\n",
      " [0.90544464 1.05763342 1.19526655 0.68237036 1.32975726 0.95778719\n",
      "  0.85546163]\n",
      " [1.29583257 1.19526655 2.37640181 1.51620371 2.23534158 1.61695356\n",
      "  1.39482074]\n",
      " [1.0141625  0.68237036 1.51620371 1.62417207 2.14717212 1.10295701\n",
      "  1.33762836]\n",
      " [1.92997004 1.32975726 2.23534158 2.14717212 3.28686229 1.90392297\n",
      "  2.00778132]\n",
      " [1.0954619  0.95778719 1.61695356 1.10295701 1.90392297 1.81164348\n",
      "  1.23099771]\n",
      " [0.95085442 0.85546163 1.39482074 1.33762836 2.00778132 1.23099771\n",
      "  1.99877794]]\n",
      " 0 [-0.317670430851 -0.247355750604 -0.420832922803 -0.347099654190 -0.540506797720 -0.350320608978\n",
      " -0.354189191953]\n",
      " 1 [ 0.317670430851  0.247355750604  0.420832922803  0.347099654190  0.540506797720  0.350320608978\n",
      "  0.354189191953]\n",
      " 0 [ 0.341298475920  0.361762703813  0.328386586852 -0.380437780309 -0.159986228104  0.294123394438\n",
      " -0.622870995484]\n",
      " 1 [ 0.341279560912  0.361773736917  0.328391011860 -0.380454762416 -0.160009816355  0.294151532731\n",
      " -0.622842898433]\n",
      " 2 [-0.341279560912 -0.361773736917 -0.328391011860  0.380454762416  0.160009816355 -0.294151532731\n",
      "  0.622842898433]\n",
      " 0 [-0.644199746376  0.121002602228  0.405642440365 -0.139012242835 -0.363050534022  0.405314998204\n",
      "  0.300680770781]\n",
      " 1 [-0.644227428687  0.120990980988  0.405694460047 -0.138928030643 -0.363072866236  0.405222718084\n",
      "  0.300692288872]\n",
      " 2 [-0.644227428687  0.120990980988  0.405694460045 -0.138928030644 -0.363072866235  0.405222718085\n",
      "  0.300692288874]\n",
      " 0 [-0.264646668803 -0.330215947670  0.503974881441  0.509657383618  0.061584121206 -0.223103236751\n",
      " -0.503597637567]\n",
      " 1 [-0.264646405306 -0.330216344008  0.503975036907  0.509657206904  0.061583681048 -0.223102154566\n",
      " -0.503598072664]\n",
      " 0 [ 0.054758507064  0.488167887855  0.350533759541 -0.078589642080 -0.149167613725 -0.743538407726\n",
      "  0.233544492558]\n",
      " 1 [-0.054758487423 -0.488167890709 -0.350533762641  0.078589639624  0.149167623205  0.743538399230\n",
      " -0.233544508364]\n",
      " 0 [-0.453607056639  0.643174963632 -0.387199730294  0.254731153384  0.281604055050  0.031069902651\n",
      " -0.292384729440]\n",
      " 1 [ 0.453607056639 -0.643174963631  0.387199730293 -0.254731153383 -0.281604055051 -0.031069902651\n",
      "  0.292384729440]\n",
      " 0 [-0.297975175434 -0.179642203360  0.153891558534 -0.620209839980  0.667145396962 -0.151511168279\n",
      " -0.050576688304]\n",
      " 1 [-0.297975175434 -0.179642203360  0.153891558534 -0.620209839980  0.667145396962 -0.151511168279\n",
      " -0.050576688304]\n",
      "d == d_np True\n",
      "column 0: U[0] == U_np[0] ? True\n",
      "column 1: U[1] == U_np[1] ? True\n",
      "column 2: U[2] == U_np[2] ? True\n",
      "column 3: U[3] == U_np[3] ? True\n",
      "column 4: U[4] == U_np[4] ? True\n",
      "column 5: U[5] == U_np[5] ? True\n",
      "column 6: U[6] == U_np[6] ? True\n",
      "行列 A:\n",
      "[[1.36175448 1.47815308 1.74671463 1.35319732 0.81997123 1.61430769]\n",
      " [1.47815308 2.43917646 2.56959094 1.78406391 1.27530237 1.8429209 ]\n",
      " [1.74671463 2.56959094 3.03067844 2.09534807 1.4353903  2.40727656]\n",
      " [1.35319732 1.78406391 2.09534807 1.52626939 1.00144535 1.66696781]\n",
      " [0.81997123 1.27530237 1.4353903  1.00144535 0.80379053 0.92730417]\n",
      " [1.61430769 1.8429209  2.40727656 1.66696781 0.92730417 2.75828656]]\n",
      " 0 [ 0.331057136802  0.453387823223  0.529684996082  0.374201800182  0.247269789442  0.450671857144]\n",
      " 1 [-0.331057136802 -0.453387823223 -0.529684996082 -0.374201800182 -0.247269789442 -0.450671857144]\n",
      " 0 [ 0.144007144296 -0.449042407352 -0.158642768316 -0.100159901937 -0.329269464175  0.796244274616]\n",
      " 1 [ 0.144007468313 -0.449042818829 -0.158642721462 -0.100159461693 -0.329269526183  0.796244023033]\n",
      " 0 [ 0.814052503592 -0.266502761461 -0.278150271561  0.317375644419  0.048356921885 -0.293021388974]\n",
      " 1 [ 0.814052645683 -0.266502867042 -0.278150106926  0.317375178336  0.048357407939 -0.293021479086]\n",
      " 0 [ 0.203147059268  0.714658939584 -0.450944753604 -0.186608178348 -0.453354421466  0.065497006734]\n",
      " 1 [-0.203144850787 -0.714660171158  0.450945085287  0.186612954989  0.453350766908 -0.065499821285]\n",
      " 2 [-0.203144850787 -0.714660171158  0.450945085287  0.186612954989  0.453350766908 -0.065499821285]\n",
      " 0 [ 0.113597817325  0.086229888266 -0.364945752341 -0.456607526263  0.768996003524  0.215938078257]\n",
      " 1 [ 0.113598031051  0.086229705982 -0.364945210957 -0.456608056294  0.768995975780  0.215937931612]\n",
      " 0 [-0.390907876921  0.060012732288 -0.529492523956  0.711265617831  0.176689170102  0.161583813730]\n",
      " 1 [ 0.390907876921 -0.060012732288  0.529492523956 -0.711265617831 -0.176689170102 -0.161583813730]\n",
      "d == d_np True\n",
      "column 0: U[0] == U_np[0] ? True\n",
      "column 1: U[1] == U_np[1] ? True\n",
      "column 2: U[2] == U_np[2] ? True\n",
      "column 3: U[3] == U_np[3] ? True\n",
      "column 4: U[4] == U_np[4] ? True\n",
      "column 5: U[5] == U_np[5] ? True\n",
      "行列 A:\n",
      "[[4.07989645 3.76721855 2.88831926 3.0370815  2.05051864 2.53068678\n",
      "  3.16634677]\n",
      " [3.76721855 3.59908334 2.6809601  2.81048924 1.84958935 2.32170436\n",
      "  2.95258357]\n",
      " [2.88831926 2.6809601  2.48711201 2.35691984 1.58714725 1.43393904\n",
      "  2.2870728 ]\n",
      " [3.0370815  2.81048924 2.35691984 2.64378198 1.62245107 2.07805159\n",
      "  2.74724313]\n",
      " [2.05051864 1.84958935 1.58714725 1.62245107 1.12025462 1.16407133\n",
      "  1.68432321]\n",
      " [2.53068678 2.32170436 1.43393904 2.07805159 1.16407133 2.45385407\n",
      "  2.36220638]\n",
      " [3.16634677 2.95258357 2.2870728  2.74724313 1.68432321 2.36220638\n",
      "  3.10473461]]\n",
      " 0 [-0.473730480205 -0.440648951744 -0.345424820686 -0.378891669754 -0.243176264661 -0.314071025184\n",
      " -0.400943168968]\n",
      " 1 [-0.473730480205 -0.440648951744 -0.345424820686 -0.378891669754 -0.243176264661 -0.314071025184\n",
      " -0.400943168968]\n",
      " 0 [ 0.130121251685  0.136713966797  0.531688780426 -0.011328628370  0.182630732025 -0.759476776088\n",
      " -0.267203099523]\n",
      " 1 [ 0.130121251685  0.136713966797  0.531688780426 -0.011328628369  0.182630732025 -0.759476776088\n",
      " -0.267203099523]\n",
      " 0 [-0.448310134616 -0.492734652884  0.235530076293  0.432272463384  0.107630899249 -0.165641308542\n",
      "  0.524285449007]\n",
      " 1 [-0.448310134616 -0.492734652884  0.235530076293  0.432272463384  0.107630899249 -0.165641308542\n",
      "  0.524285449007]\n",
      " 0 [-0.045176047978  0.379138692454 -0.396799655224 -0.330739320214  0.000087201831 -0.434455774148\n",
      "  0.631365729952]\n",
      " 1 [-0.045173363757  0.379136071330 -0.396800853739 -0.330738815989  0.000087487645 -0.434456554101\n",
      "  0.631366470157]\n",
      " 2 [-0.045173363757  0.379136071330 -0.396800853739 -0.330738815989  0.000087487645 -0.434456554101\n",
      "  0.631366470157]\n",
      " 0 [-0.473141754810  0.526333776303  0.198945791110  0.255161352253 -0.623172395112  0.025251180188\n",
      " -0.073766090881]\n",
      " 1 [-0.473145451235  0.526338015120  0.198939906734  0.255163198052 -0.623167578494  0.025247924277\n",
      " -0.073763426691]\n",
      " 2 [-0.473145451235  0.526338015120  0.198939906734  0.255163198052 -0.623167578494  0.025247924277\n",
      " -0.073763426691]\n",
      " 0 [-0.117868949512 -0.088885636132  0.586898778083 -0.700115612305 -0.101800583786  0.277018320181\n",
      "  0.237679825705]\n",
      " 1 [ 0.117868949512  0.088885636132 -0.586898778083  0.700115612305  0.101800583786 -0.277018320181\n",
      " -0.237679825705]\n",
      " 0 [ 0.563795685607 -0.340108558262  0.032189088983  0.069245862944 -0.705142334676 -0.176034854023\n",
      "  0.180043007418]\n",
      " 1 [-0.563795685607  0.340108558262 -0.032189088983 -0.069245862944  0.705142334676  0.176034854023\n",
      " -0.180043007418]\n",
      "d == d_np True\n",
      "column 0: U[0] == U_np[0] ? True\n",
      "column 1: U[1] == U_np[1] ? True\n",
      "column 2: U[2] == U_np[2] ? True\n",
      "column 3: U[3] == U_np[3] ? True\n",
      "column 4: U[4] == U_np[4] ? True\n",
      "column 5: U[5] == U_np[5] ? True\n",
      "column 6: U[6] == U_np[6] ? True\n",
      "行列 A:\n",
      "[[1.01025726 1.3253227  0.69077701 0.62321066 0.96577668 1.2071675\n",
      "  1.58942514]\n",
      " [1.3253227  3.15172216 1.63658657 1.70071803 2.37341846 2.84626219\n",
      "  2.9241176 ]\n",
      " [0.69077701 1.63658657 2.07945984 1.13581106 1.37080419 1.49043292\n",
      "  1.94281541]\n",
      " [0.62321066 1.70071803 1.13581106 1.56851823 1.34747269 1.67133136\n",
      "  1.25799069]\n",
      " [0.96577668 2.37341846 1.37080419 1.34747269 1.84390593 2.07315327\n",
      "  2.06947518]\n",
      " [1.2071675  2.84626219 1.49043292 1.67133136 2.07315327 2.97992962\n",
      "  2.90177034]\n",
      " [1.58942514 2.9241176  1.94281541 1.25799069 2.06947518 2.90177034\n",
      "  3.94082187]]\n",
      " 0 [-0.216372600824 -0.470630395841 -0.296694070124 -0.265464447310 -0.352484775445 -0.449836650531\n",
      " -0.496580965210]\n",
      " 1 [-0.216372600824 -0.470630395841 -0.296694070124 -0.265464447310 -0.352484775445 -0.449836650531\n",
      " -0.496580965210]\n",
      " 0 [-0.254147718470  0.158272820585  0.106266747089  0.612089683447  0.241860924188  0.083661562268\n",
      " -0.677433602423]\n",
      " 1 [-0.254141754290  0.158274255401  0.106258586279  0.612089968874  0.241863637037  0.083662610546\n",
      " -0.677435428897]\n",
      " 2 [-0.254141754290  0.158274255401  0.106258586279  0.612089968874  0.241863637037  0.083662610546\n",
      " -0.677435428897]\n",
      " 0 [ 0.136459619393  0.258299833546 -0.896510752177 -0.023507559862  0.070551228331  0.312223888863\n",
      " -0.088964046277]\n",
      " 1 [ 0.136462869049  0.258298340813 -0.896510395552 -0.023510878367  0.070549811298  0.312225119129\n",
      " -0.088962918572]\n",
      " 2 [-0.136462869049 -0.258298340813  0.896510395552  0.023510878367 -0.070549811298 -0.312225119129\n",
      "  0.088962918572]\n",
      " 0 [ 0.549359216035  0.320547445457  0.035702679819 -0.198456910235  0.412187958044 -0.576757914606\n",
      " -0.228572429624]\n",
      " 1 [ 0.551893181672  0.319271401936  0.035325053031 -0.196154272367  0.410988839154 -0.576690833847\n",
      " -0.228628926952]\n",
      " 2 [ 0.551893148259  0.319271420678  0.035325055364 -0.196154299814  0.410988855624 -0.576690833447\n",
      " -0.228628928926]\n",
      " 0 [-0.668036084104  0.374276402099  0.051262733715 -0.551063735222  0.325736629225  0.004481106171\n",
      " -0.034948892540]\n",
      " 1 [-0.668044563957  0.374265929919  0.051253505186 -0.551049980424  0.325757265173  0.004465527647\n",
      " -0.034939015438]\n",
      " 2 [ 0.668044563957 -0.374265929919 -0.051253505186  0.551049980424 -0.325757265173 -0.004465527647\n",
      "  0.034939015438]\n",
      " 0 [-0.339462115101  0.185233107073 -0.267333046387  0.457973363946 -0.035079322677 -0.600184592630\n",
      "  0.455845921963]\n",
      " 1 [ 0.339462115101 -0.185233107073  0.267333046387 -0.457973363946  0.035079322677  0.600184592630\n",
      " -0.455845921963]\n",
      " 0 [ 0.062198372918  0.640638531003  0.147000385178 -0.049492862832 -0.732133180606 -0.018687612757\n",
      " -0.159018103601]\n",
      " 1 [ 0.062198372918  0.640638531003  0.147000385178 -0.049492862832 -0.732133180606 -0.018687612757\n",
      " -0.159018103601]\n",
      "d == d_np True\n",
      "column 0: U[0] == U_np[0] ? True\n",
      "column 1: U[1] == U_np[1] ? True\n",
      "column 2: U[2] == U_np[2] ? True\n",
      "column 3: U[3] == U_np[3] ? True\n",
      "column 4: U[4] == U_np[4] ? True\n",
      "column 5: U[5] == U_np[5] ? True\n",
      "column 6: U[6] == U_np[6] ? True\n",
      "行列 A:\n",
      "[[1.09602902 0.78547883]\n",
      " [0.78547883 0.62294394]]\n",
      " 0 [ 0.802606076329  0.596509418401]\n",
      " 1 [-0.802606076504 -0.596509418164]\n",
      " 0 [ 0.596509418401 -0.802606076329]\n",
      " 1 [-0.596509418164  0.802606076504]\n",
      "d == d_np True\n",
      "column 0: U[0] == U_np[0] ? True\n",
      "column 1: U[1] == U_np[1] ? True\n",
      "行列 A:\n",
      "[[3.95517014 2.63450765 2.6940973  2.40872774 2.68744949 1.4948908 ]\n",
      " [2.63450765 2.45260578 1.83223421 2.14100025 1.99013348 1.08591508]\n",
      " [2.6940973  1.83223421 1.87273724 1.69882337 1.94421285 1.03001367]\n",
      " [2.40872774 2.14100025 1.69882337 1.9180245  1.83490251 0.87577786]\n",
      " [2.68744949 1.99013348 1.94421285 1.83490251 2.53638987 1.4133024 ]\n",
      " [1.4948908  1.08591508 1.03001367 0.87577786 1.4133024  1.41895008]]\n",
      " 0 [ 0.549916313040  0.416551787306  0.383010957187  0.375132207293  0.422643981573  0.240888263956]\n",
      " 1 [ 0.549916313040  0.416551787306  0.383010957187  0.375132207293  0.422643981573  0.240888263956]\n",
      " 0 [ 0.078445496315  0.360459935510  0.037448837546  0.363993541249 -0.377467104652 -0.766511454840]\n",
      " 1 [ 0.078450122512  0.360461125735  0.037445576790  0.363990361790 -0.377468208184 -0.766511547353]\n",
      " 2 [ 0.078450122512  0.360461125735  0.037445576790  0.363990361790 -0.377468208184 -0.766511547353]\n",
      " 0 [-0.610956666619  0.552170329814 -0.347241319757  0.330443648230  0.111198276584  0.282321240556]\n",
      " 1 [-0.610963971693  0.552164203249 -0.347241234682  0.330440426660  0.111220403846  0.282312573359]\n",
      " 2 [-0.610963971693  0.552164203249 -0.347241234682  0.330440426660  0.111220403846  0.282312573359]\n",
      " 0 [-0.283828196470 -0.229628916088  0.041706519647  0.059915876516  0.785968639314 -0.493595044302]\n",
      " 1 [ 0.283828194662  0.229628916327 -0.041706518646 -0.059915876032 -0.785968639152  0.493595045633]\n",
      " 0 [ 0.421720686054  0.317879801723 -0.687922439377 -0.420928978409  0.220051900513 -0.149207131964]\n",
      " 1 [-0.421720686054 -0.317879801723  0.687922439377  0.420928978409 -0.220051900513  0.149207131964]\n",
      " 0 [ 0.244446049452 -0.487739756858 -0.506307460042  0.660927265998 -0.018716243451  0.093987582608]\n",
      " 1 [ 0.244446049452 -0.487739756858 -0.506307460042  0.660927265998 -0.018716243451  0.093987582608]\n",
      "d == d_np True\n",
      "column 0: U[0] == U_np[0] ? True\n",
      "column 1: U[1] == U_np[1] ? True\n",
      "column 2: U[2] == U_np[2] ? True\n",
      "column 3: U[3] == U_np[3] ? True\n",
      "column 4: U[4] == U_np[4] ? True\n",
      "column 5: U[5] == U_np[5] ? True\n"
     ]
    }
   ],
   "source": [
    "#main\n",
    "#実行\n",
    "for i in tqdm(range(10)):\n",
    "    n = rng.integers(low = 2, high = 10)\n",
    "    A = rng.random(size=(n, n))\n",
    "\n",
    "    #対称行列\n",
    "    A = A.T @ A\n",
    "    print(\"行列 A:\")\n",
    "    print(A)\n",
    "\n",
    "    d, U = eigh_via_qr_rayleigh(A)\n",
    "    eigvals_np, eigvecs_np = np.linalg.eigh(A)\n",
    "\n",
    "\n",
    "    with np.printoptions(formatter={'float': '{: 12.8f}'.format}, suppress=True, linewidth=100):\n",
    "        d_np, U_np = np.linalg.eigh(A)\n",
    "        U_np = U_np[:, ::-1]\n",
    "        d_np = d_np[::-1]\n",
    "\n",
    "        # print(\"d_np\", d_np)\n",
    "        # print(\"d   \", d)\n",
    "        print(\"d == d_np\", np.allclose(d, d_np))\n",
    "\n",
    "        # print(\"U_np\\n\", U_np, sep='')\n",
    "        # print(\"U\\n\", U, sep='')\n",
    "\n",
    "        for i in range(len(U)):\n",
    "            print(\n",
    "                f\"column {i}: U[{i}] == U_np[{i}] ?\",\n",
    "                np.allclose(U[:, i], U_np[:, i]) or np.allclose(U[:, i], -U_np[:, i])\n",
    "            )\n",
    "\n"
   ]
  },
  {
   "cell_type": "markdown",
   "metadata": {},
   "source": [
    "## 課題05-3"
   ]
  },
  {
   "cell_type": "code",
   "execution_count": 152,
   "metadata": {},
   "outputs": [],
   "source": [
    "#QR分解を利用する関数 full/reduced QR分解を利用したthin SVDの計算方法\n",
    "def svd_via_qr(A: np.ndarray,) -> Tuple[np.ndarray, np.ndarray, np.ndarray]:\n",
    "    #行列のサイズ計算\n",
    "    m, n = A.shape\n",
    "    print(\"m =\",m)\n",
    "    print(\"n =\",n)\n",
    "\n",
    "    if(m >= n):\n",
    "        print(\"nyaaaa1\")\n",
    "        #A.T @ A(対称行列)の対角化→固有値計算→QR文分解\n",
    "        ATA = A.T @ A\n",
    "        sigma, V = np.linalg.eigh(ATA)\n",
    "        # print(\"V =\", V)\n",
    "        sigma = np.sqrt(np.maximum(sigma, 0))\n",
    "        #V = n.n直交行列、sigma 対角行列\n",
    "        V = V[:,::-1]\n",
    "        sigma = sigma[::-1]\n",
    "        # print(\"V =\", V)\n",
    "        a = A @ V\n",
    "        U, c = np.linalg.qr(a)\n",
    "        # U, c = scipy.linalg.qr(a)\n",
    "\n",
    "\n",
    "    elif(m < n):\n",
    "        print(\"nyaaaa2\")\n",
    "        AAT = A @ A.T\n",
    "        sigma , U =  np.linalg.eigh(AAT)\n",
    "        sigma = np.sqrt(np.maximum(sigma, 0))\n",
    "        U = U[:,::-1]\n",
    "        sigma = sigma[::-1]\n",
    "        # print(\"U = \", U)\n",
    "        a = A.T @ U\n",
    "        # print(\"a =\",a)\n",
    "        V ,c = np.linalg.qr(a)\n",
    "        print(\"V = \",V)\n",
    "        # V, c = scipy.linalg.qr(a)\n",
    "\n",
    "\n",
    "    VT = V.T\n",
    "\n",
    "\n",
    "    return U, sigma, VT"
   ]
  },
  {
   "cell_type": "code",
   "execution_count": 172,
   "metadata": {},
   "outputs": [],
   "source": [
    "#固有値分解を利用した単純なthinSVDの計算方法\n",
    "def svd_via_eigh( A: np.ndarray, ) -> Tuple[np.ndarray, np.ndarray, np.ndarray]:\n",
    "    #行列のサイズ計算\n",
    "    m, n = A.shape\n",
    "    print(\"m =\",m)\n",
    "    print(\"n =\",n)\n",
    "\n",
    "    if(m >= n):\n",
    "        print(\"nyaaaa1\")\n",
    "        #A.T @ A(対称行列)の対角化→固有値計算→QR文分解\n",
    "        ATA = A.T @ A\n",
    "        sigma, V = np.linalg.eigh(ATA)\n",
    "        V = V[:,::-1] \n",
    "        sigma = np.sqrt(np.maximum(sigma, 0))\n",
    "        sigma = sigma [::-1]\n",
    "        Sigma_inv = np.diag(1.0 / sigma) # 各対角成分を逆数にするだけ\n",
    "        # print(\"V =\", V)\n",
    "        print(\"sigma =\",sigma)\n",
    "        print(\"Sigma_inv =\", Sigma_inv)\n",
    "        \n",
    "        U = A @ V @ Sigma_inv\n",
    "    elif(m < n):\n",
    "        print(\"nyaaaa2\")\n",
    "        AAT = A @ A.T\n",
    "        sigma , U =  np.linalg.eigh(AAT)\n",
    "        sigma = np.sqrt(np.maximum(sigma, 0))\n",
    "        sigma = sigma [::-1]\n",
    "        U = U[:,::-1]\n",
    "        Sigma_inv = np.diag(1.0 / sigma) # 各対角成分を逆数にするだけ\n",
    "        Sigma_inv = np.diag(1.0 / sigma)\n",
    "        V = A.T @ U @ Sigma_inv\n",
    "    VT = V.T\n",
    "    return U ,sigma, VT"
   ]
  },
  {
   "cell_type": "code",
   "execution_count": 179,
   "metadata": {},
   "outputs": [
    {
     "data": {
      "application/vnd.jupyter.widget-view+json": {
       "model_id": "db610e02c2d842bb846dbdbd8a36e373",
       "version_major": 2,
       "version_minor": 0
      },
