{
 "cells": [
  {
   "cell_type": "markdown",
   "metadata": {},
   "source": [
    "# 科学技術計算 5 レポート\n"
   ]
  },
  {
   "cell_type": "code",
   "execution_count": 156,
   "metadata": {},
   "outputs": [],
   "source": [
    "import numpy as np\n",
    "import scipy\n",
    "\n",
    "from numpy.linalg import inv, norm, solve, det, matrix_rank, cond, pinv, lstsq, eig, eigh, eigvals, eigvalsh\n",
    "from numpy import diag\n",
    "rng = np.random.default_rng()\n",
    "\n",
    "import matplotlib.pyplot as plt\n",
    "from matplotlib import rcParams\n",
    "rcParams[\"savefig.bbox\"] = \"tight\"\n",
    "\n",
    "from typing import List, Optional, Union, Tuple\n",
    "\n",
    "import sklearn\n",
    "from sklearn.decomposition import PCA\n",
    "from sklearn.datasets import fetch_olivetti_faces\n",
    "\n",
    "from matplotlib.pyplot import imshow\n",
    "from typing import Tuple, List, Optional, Union\n",
    "from tqdm.auto import tqdm\n",
    "\n"
   ]
  },
  {
   "cell_type": "markdown",
   "metadata": {},
   "source": [
    "## 課題05-1"
   ]
  },
  {
   "cell_type": "code",
   "execution_count": 157,
   "metadata": {},
   "outputs": [],
   "source": [
    "#レイリー商反復について\n",
    "\n",
    "#関数\n",
    "def rayleigh_quotient_iteration(A: np.ndarray,mu: float, u, tol = 1e-12,n = np.ndarray, maxiter: int = 5000,) -> Tuple[float, np.ndarray]:\n",
    "    \"\"\"Rayleigh quotioent iteration for computing the largest eigenvalue and its eigenvector of A\n",
    "\n",
    "    Args:\n",
    "        A (np.ndarray): nxn matrix A\n",
    "        mu (float): initial eigenvalue\n",
    "        u (np.ndarray): n-d initial eigenvector\n",
    "        maxiter (int, optional): max iterations. Defaults to 50.\n",
    "\n",
    "    Returns:\n",
    "        Tuple[float, np.ndarray]: the largest eigenvalue and its eigenvector\n",
    "    \"\"\"\n",
    "    #入力 行列Aが対称かどうか muがシフト値uは\n",
    "    assert A.ndim == 2\n",
    "    assert A.shape[0] == A.shape[1]\n",
    "    n = A.shape[0]\n",
    "    assert len(u) == n\n",
    "\n",
    "    u_pre = u.copy()\n",
    "\n",
    "    #レイリー商反復\n",
    "    for i in range(maxiter):\n",
    "\n",
    "        try:\n",
    "            u = solve(A - mu * np.eye(n), u)    #シフト値muを用いて連立方程式を解く\n",
    "        except:\n",
    "            break\n",
    "        \n",
    "        u /= norm(u)    #正規化\n",
    "        mu = u.T @ A @ u\n",
    "\n",
    "        with np.printoptions(formatter={'float': '{: 12.12f}'.format}, suppress=True, linewidth=100):\n",
    "            print(f\"{i:2d}\", u)\n",
    "\n",
    "        if np.allclose(u, u_pre) or np.allclose(u, -u_pre):         #uの値がめっちゃちかくなった→近似\n",
    "            break\n",
    "        u_pre = u.copy()\n",
    "        \n",
    "    return mu, u\n",
    "\n"
   ]
  },
  {
   "cell_type": "code",
   "execution_count": null,
   "metadata": {},
   "outputs": [],
   "source": [
    "#ハウスホルダー法\n",
    "def householder_step( A: np.ndarray, k: int) -> Tuple[np.ndarray, np.ndarray]:\n",
    "    \"\"\"k-th step of Householder transform from nxn symmetric to tridiagonal\n",
    "\n",
    "    Args:\n",
    "        A (np.ndarray): an nxn symmetric matrix\n",
    "        k (int): step\n",
    "\n",
    "    Returns:\n",
    "        Tuple[np.ndarray, np.ndarray]: transformed matrix QAQ after k-th step, and the transfrom Q\n",
    "    \"\"\"\n",
    "    assert A.ndim == 2  #2次元であるかチェック\n",
    "    assert A.shape[0] == A.shape[1] #正方行列かどうかチェック\n",
    "\n",
    "    n = A.shape[0]\n",
    "    assert 0 <= k < n - 2\n",
    "\n",
    "    x = A[k + 1:, k]  # Aのk列目のk+1行目以降の部分を取得(縦の部分)\n",
    "    y = np.zeros_like(x) #全部ゼロの配列\n",
    "    # y[0] = - np.sign(A[k + 1, k]) * norm(x)\n",
    "    y[0] = - np.sign(x[0]) * norm(x)  # ベクトルyの先頭要素を設定\n",
    "\n",
    "    # print(\"x\", x)\n",
    "    # print(\"y\", y)\n",
    "\n",
    "    u = (x - y) / norm(x - y)  # 単位ベクトルuを計算\n",
    "    H = np.eye(len(x)) - 2 * np.outer(u, u)  # ハウスホルダー行列Hを計算\n",
    "\n",
    "    Q = np.eye(n)   #単位行列\n",
    "    Q[k + 1:, k + 1:] = H  # QにHを組み込む\n",
    "\n",
    "    QAQ = Q @ A @ Q  # 変換後の行列を計算\n",
    "    return QAQ, Q\n",
    "\n",
    "def householder_transform(A: np.ndarray,) -> Tuple[np.ndarray, np.ndarray]:\n",
    "    \"\"\"Householder transform from nxn symmetric to tridiagonal\n",
    "\n",
    "    Args:\n",
    "        A (np.ndarray): an nxn symmetric matrix\n",
    "\n",
    "    Returns:\n",
    "        Tuple[np.ndarray, np.ndarray]: tridiagonal Atri and orthogonal Qhh\n",
    "                                       so that Qhh A Qhh == Atri\n",
    "    \"\"\"\n",
    "    assert A.ndim == 2\n",
    "    assert A.shape[0] == A.shape[1]\n",
    "    n = A.shape[0]\n",
    "\n",
    "    Atri = A.copy()\n",
    "    Qhh = np.eye(n)\n",
    "    for k in range(n - 2):\n",
    "        # print(f\"{k}-th step\")\n",
    "        Atri, Q = householder_step(Atri, k)\n",
    "        Qhh = Qhh @ Q  # 直交行列を更新\n",
    "        # print(\"Atri\\n\", Atri, sep='')\n",
    "        # print(\"Q\\n\", Q, sep='')\n",
    "        # print(\"Qhh\\n\", Qhh, sep='')\n",
    "    return Atri, Qhh\n"
   ]
  },
  {
   "cell_type": "code",
   "execution_count": 159,
   "metadata": {},
   "outputs": [],
   "source": [
    "#ぎぶんす変換\n",
    "def givens_r_matrix(xp_xq: np.ndarray) -> np.ndarray:\n",
    "    \"\"\"generate a matrix of Givens rotation\n",
    "\n",
    "    Args:\n",
    "        xp_xq (ndarray): two values xp, xq\n",
    "\n",
    "    Returns:\n",
    "        ndarray: 2D rotation matrix\n",
    "    \"\"\"\n",
    "    assert len(xp_xq) == 2\n",
    "\n",
    "    xp, xq = xp_xq[0], xp_xq[1]\n",
    "\n",
    "    # denominator = np.sqrt(xp**2 + xq**2)\n",
    "    denominator = norm(xp_xq)\n",
    "    c = xp / denominator\n",
    "    s = -xq / denominator\n",
    "\n",
    "    R = np.array([\n",
    "        [c, s],\n",
    "        [-s, c]\n",
    "    ])\n",
    "    return R\n",
    "\n",
    "def qr_decom_by_givens(Atri_org: np.ndarray,) -> Tuple[np.ndarray, np.ndarray]:\n",
    "    \"\"\"QR decomposition of a tridiagonal matrix by Givens rotation\n",
    "\n",
    "    Args:\n",
    "        Atri_org (np.ndarray): an nxn tridiagonal matrix\n",
    "\n",
    "    Returns:\n",
    "        Tuple[np.ndarray, np.ndarray]: orthogonal Q and upper traiangular R so that A == QR\n",
    "    \"\"\"\n",
    "    assert len(Atri_org.shape) == 2\n",
    "    assert Atri_org.shape[0] == Atri_org.shape[1]\n",
    "    # assert AAtri_org should be tridiagonal\n",
    "    n = Atri_org.shape[0]\n",
    "\n",
    "    Atri = Atri_org.copy()\n",
    "    Q = np.eye(n)\n",
    "\n",
    "    for k in range(n - 1):\n",
    "        p, q = k, k + 1\n",
    "        Rot2x2 = givens_r_matrix(Atri[[p, q]][:, p])\n",
    "        Atri[[p, q]] = Rot2x2.T @ Atri[[p, q]]\n",
    "        Q[:, [p, q]] = Q[:, [p, q]] @ Rot2x2\n",
    "\n",
    "    R = Atri\n",
    "    return Q, R"
   ]
  },
  {
   "cell_type": "code",
   "execution_count": null,
   "metadata": {},
   "outputs": [],
   "source": [
    "#QR法関数\n",
    "def eigh_by_qr_method(A0: np.ndarray, maxiter: int = 1000,) -> Tuple[np.ndarray, np.ndarray]:\n",
    "    \"\"\"\n",
    "    Computing eigenvalues and eigenvectors by QR decompoition\n",
    "\n",
    "    Args:\n",
    "        A0 (np.ndarray): nxn matrix\n",
    "        maxiter (int, optional): max iterations. Defaults to 1000.\n",
    "        qr_decomp (callable, optional): QR decomposition solver. Defaults to np.linalg.qr.\n",
    "\n",
    "    Returns:\n",
    "        Tuple[np.ndarray, np.ndarray]: n-d vector of eigenvalues and orthogonal matrix with eigenvector columns\n",
    "    \"\"\"\n",
    "    assert A0.ndim == 2\n",
    "    assert A0.shape[0] == A0.shape[1]\n",
    "    n = A0.shape[0]\n",
    "    A = A0.copy()\n",
    "\n",
    "    Qall = np.eye(n)\n",
    "    diagonals_pre = diag(A)\n",
    "    #ハウスホルダー変換\n",
    "    Atri, Qhh = householder_transform(A)\n",
    "    Qall = Qhh\n",
    "    Atri_org = Atri.copy()\n",
    "\n",
    "    for i in range(maxiter):\n",
    "        \n",
    "        Q, R = qr_decom_by_givens(Atri_org)\n",
    "        Atri_org = R @ Q\n",
    "        Qall = Qall @ Q\n",
    "\n",
    "        diagonals = diag(Atri_org)\n",
    "        # with np.printoptions(formatter={'float': '{: 12.8f}'.format}, suppress=True, linewidth=100):\n",
    "        #     print(f\"     diagonals {i:2d}\", diagonals)\n",
    "        #     print(f\"superdiagonals {i:2d}\", superdiagonals)\n",
    "\n",
    "        if (np.allclose(diagonals, diagonals_pre)):\n",
    "            # with np.printoptions(formatter={'float': '{: 12.8f}'.format}, suppress=True, linewidth=100):\n",
    "            #     print(\"A\\n\", A, sep='')\n",
    "            break\n",
    "\n",
    "        diagonals_pre = diagonals.copy()\n",
    "\n",
    "    return diagonals, Qall\n"
   ]
  },
  {
   "cell_type": "code",
   "execution_count": 161,
   "metadata": {},
   "outputs": [],
   "source": [
    "#今回のやつ\n",
    "def eigh_via_qr_rayleigh( A: np.ndarray,) -> Tuple[np.ndarray, np.ndarray]:\n",
    "    # print(\"A =\", A)\n",
    "    assert A.ndim == 2\n",
    "    assert A.shape[0] == A.shape[1]\n",
    "    n = A.shape[0]\n",
    "\n",
    "    \n",
    "    eigenvalues_approx, Qqr  = eigh_by_qr_method(A) #これでAがぎぶんす変換で更新しながら固有値と固有べくとるを出力できたってことかな\n",
    "\n",
    "    eigenvalues = np.zeros(n)\n",
    "    eigenvectors = np.zeros((n, n))\n",
    "\n",
    "    for k in range(n):\n",
    "        mu0 = eigenvalues_approx[k]\n",
    "        u0 = Qqr[k, :]\n",
    "\n",
    "\n",
    "        mu_refined, u_refined = rayleigh_quotient_iteration(A, mu0, u0)\n",
    "\n",
    "        eigenvalues[k] = mu_refined\n",
    "        eigenvectors[:, k] = u_refined\n",
    "\n",
    "    return eigenvalues, eigenvectors\n"
   ]
  },
  {
   "cell_type": "code",
   "execution_count": 164,
   "metadata": {},
   "outputs": [
    {
     "data": {
      "application/vnd.jupyter.widget-view+json": {
       "model_id": "ad15bbca2859454fa85b0b16f7a53260",
       "version_major": 2,
       "version_minor": 0
      },
      "text/plain": [
       "  0%|          | 0/10 [00:00<?, ?it/s]"
      ]
     },
     "metadata": {},
     "output_type": "display_data"
    },
    {
     "name": "stdout",
     "output_type": "stream",
     "text": [
      "行列 A:\n",
      "[[1.74881558 1.2612964  1.86714695 1.0681152  1.3743124 ]\n",
      " [1.2612964  1.25604793 1.52253085 0.88827348 1.33570167]\n",
      " [1.86714695 1.52253085 3.08865279 1.83829044 1.94646883]\n",
      " [1.0681152  0.88827348 1.83829044 1.11428283 1.07432175]\n",
      " [1.3743124  1.33570167 1.94646883 1.07432175 1.87076195]]\n",
      " 0 [ 0.425248547309  0.361312555582  0.606096376477  0.353688110772  0.442909486138]\n",
      " 1 [-0.425248547309 -0.361312555582 -0.606096376477 -0.353688110772 -0.442909486138]\n",
      " 0 [ 0.314287878224  0.455521125509 -0.561483305650 -0.430883071300  0.439089865700]\n",
      " 1 [ 0.314294458231  0.455528150086 -0.561496049376 -0.430866449330  0.439077883047]\n",
      " 2 [ 0.314294458231  0.455528150086 -0.561496049376 -0.430866449330  0.439077883047]\n",
      " 0 [-0.757589367149 -0.018754520684  0.072792120474 -0.006618794758  0.648354931723]\n",
      " 1 [-0.757576134284 -0.018792832827  0.072796514857 -0.006622049514  0.648368757793]\n",
      " 2 [-0.757576134284 -0.018792832827  0.072796514857 -0.006622049514  0.648368757793]\n",
      " 0 [-0.372402199161  0.798105297205 -0.061360248067  0.241793270210 -0.402635655490]\n",
      " 1 [ 0.372402199161 -0.798105297205  0.061360248067 -0.241793270210  0.402635655490]\n",
      " 0 [ 0.088191095698 -0.156914325877 -0.555252155635  0.794198329186  0.168950532862]\n",
      " 1 [ 0.088191095698 -0.156914325877 -0.555252155635  0.794198329186  0.168950532862]\n",
      "d == d_np True\n",
      "column 0: U[0] == U_np[0] ? True\n",
      "column 1: U[1] == U_np[1] ? True\n",
      "column 2: U[2] == U_np[2] ? True\n",
      "column 3: U[3] == U_np[3] ? True\n",
      "column 4: U[4] == U_np[4] ? True\n",
      "行列 A:\n",
      "[[3.55215588 2.24386753 2.11474716 2.46380127 3.03937495 2.53922793\n",
      "  1.88297973 1.39586877 2.25860498]\n",
      " [2.24386753 2.75584776 1.1968592  1.85371776 2.19946191 2.43795495\n",
      "  1.74664482 1.34722217 1.69851216]\n",
      " [2.11474716 1.1968592  2.81851082 1.8755375  2.58231557 2.07099983\n",
      "  1.99023829 0.76081162 2.05988334]\n",
      " [2.46380127 1.85371776 1.8755375  2.14485076 2.46533273 2.28474785\n",
      "  1.57715026 1.0990615  1.80804308]\n",
      " [3.03937495 2.19946191 2.58231557 2.46533273 3.3957771  2.50043951\n",
      "  2.18810097 1.40460049 2.58702152]\n",
      " [2.53922793 2.43795495 2.07099983 2.28474785 2.50043951 3.30984265\n",
      "  1.99213336 1.09451427 1.73015752]\n",
      " [1.88297973 1.74664482 1.99023829 1.57715026 2.18810097 1.99213336\n",
      "  2.6446367  0.90793056 2.02253452]\n",
      " [1.39586877 1.34722217 0.76081162 1.0990615  1.40460049 1.09451427\n",
      "  0.90793056 0.85073528 0.99895023]\n",
      " [2.25860498 1.69851216 2.05988334 1.80804308 2.58702152 1.73015752\n",
      "  2.02253452 0.99895023 2.39020165]]\n",
      " 0 [ 0.396289650380  0.317301523041  0.322316084649  0.322983023064  0.410734240511  0.367090746554\n",
      "  0.308517424700  0.179010464809  0.321531622828]\n",
      " 1 [ 0.396289650380  0.317301523041  0.322316084649  0.322983023064  0.410734240511  0.367090746554\n",
      "  0.308517424700  0.179010464809  0.321531622828]\n",
      " 0 [ 0.137867030471  0.570869943641 -0.570047224655  0.084293396383 -0.161244611606  0.329490914553\n",
      " -0.250755944930  0.204088447306 -0.289734790040]\n",
      " 1 [ 0.137867029140  0.570869947483 -0.570047221951  0.084293396120 -0.161244611501  0.329490909042\n",
      " -0.250755938752  0.204088448674 -0.289734799209]\n",
      " 0 [-0.547301356283  0.239500151006  0.064330089402 -0.185776571661 -0.264619325606  0.355553357594\n",
      "  0.626285697398 -0.118093149479 -0.042758201533]\n",
      " 1 [-0.547301337452  0.239500168553  0.064330048183 -0.185776591815 -0.264619325201  0.355553338112\n",
      "  0.626285722562 -0.118093118396 -0.042758200508]\n",
      " 0 [ 0.003660829584  0.289633867134 -0.384709872016 -0.199973114702  0.097111929098 -0.612552041876\n",
      "  0.336965327870  0.253178899549  0.407200160808]\n",
      " 1 [-0.003660725700 -0.289633895348  0.384709832913  0.199973166742 -0.097111895072  0.612551987758\n",
      " -0.336965435155 -0.253178891466 -0.407200158831]\n",
      " 2 [-0.003660725700 -0.289633895348  0.384709832913  0.199973166742 -0.097111895072  0.612551987758\n",
      " -0.336965435155 -0.253178891466 -0.407200158831]\n",
      " 0 [-0.670684043915  0.292802144101  0.201106203702  0.099975216285  0.356444027714 -0.037028321290\n",
      " -0.472761101087  0.171548799174  0.180708544178]\n",
      " 1 [-0.670684043916  0.292802144102  0.201106203701  0.099975216285  0.356444027716 -0.037028321289\n",
      " -0.472761101086  0.171548799171  0.180708544178]\n",
      " 0 [ 0.035982167510  0.029009957555 -0.220170165288 -0.016015330088 -0.209413858762  0.231985574199\n",
      " -0.237903036517 -0.550544138685  0.701258967287]\n",
      " 1 [ 0.035993890862  0.029028292618 -0.220149817912 -0.016052011548 -0.209415201424  0.231984919263\n",
      " -0.237914117870 -0.550546679804  0.701257217552]\n",
      " 2 [ 0.035993890862  0.029028292618 -0.220149817912 -0.016052011548 -0.209415201424  0.231984919263\n",
      " -0.237914117870 -0.550546679804  0.701257217552]\n",
      " 0 [-0.267223318614 -0.383086911019 -0.440008332723  0.729207564974  0.090782233739  0.030361789826\n",
      "  0.207950922316  0.052238159115  0.036734824219]\n",
      " 1 [-0.267224642245 -0.383038315749 -0.439950287361  0.729286078375  0.090662524388  0.030313341167\n",
      "  0.207936244822  0.052253669880  0.036765199271]\n",
      " 2 [ 0.267224642245  0.383038315750  0.439950287363 -0.729286078373 -0.090662524391 -0.030313341168\n",
      " -0.207936244822 -0.052253669879 -0.036765199271]\n",
      " 0 [-0.032295837250 -0.237456732867 -0.368448164813 -0.459205439165  0.692482362007  0.292153303656\n",
      "  0.058609998086 -0.137841994207 -0.092879877419]\n",
      " 1 [ 0.032295837214  0.237456732830  0.368448164725  0.459205439245 -0.692482362009 -0.292153303646\n",
      " -0.058609998104  0.137841994170  0.092879877540]\n",
      " 0 [-0.028816018485 -0.377490839363 -0.028258498718 -0.247171701887 -0.259200434020  0.337018485957\n",
      " -0.096851159480  0.702848578570  0.332618871908]\n",
      " 1 [-0.028816018485 -0.377490839363 -0.028258498718 -0.247171701887 -0.259200434020  0.337018485957\n",
      " -0.096851159480  0.702848578570  0.332618871908]\n",
      "d == d_np True\n",
      "column 0: U[0] == U_np[0] ? True\n",
      "column 1: U[1] == U_np[1] ? True\n",
      "column 2: U[2] == U_np[2] ? True\n",
      "column 3: U[3] == U_np[3] ? True\n",
      "column 4: U[4] == U_np[4] ? True\n",
      "column 5: U[5] == U_np[5] ? True\n",
      "column 6: U[6] == U_np[6] ? True\n",
      "column 7: U[7] == U_np[7] ? True\n",
      "column 8: U[8] == U_np[8] ? True\n",
      "行列 A:\n",
      "[[2.73079584 2.19748004 2.20740703 2.42005081 1.86971189 3.02686303\n",
      "  2.96208647 2.4603061  2.8061546 ]\n",
      " [2.19748004 2.42227045 2.02813857 2.45293181 1.72651758 2.9484626\n",
      "  2.8102282  2.38610738 2.67508476]\n",
      " [2.20740703 2.02813857 3.16071479 2.75284674 2.60402151 2.89608392\n",
      "  2.59899002 2.64181138 3.66879903]\n",
      " [2.42005081 2.45293181 2.75284674 3.66179974 1.8067076  2.94797175\n",
      "  2.83842001 2.45916326 3.69355943]\n",
      " [1.86971189 1.72651758 2.60402151 1.8067076  2.74368612 2.66836106\n",
      "  2.26121957 2.41640704 2.77953299]\n",
      " [3.02686303 2.9484626  2.89608392 2.94797175 2.66836106 4.34125816\n",
      "  3.52226281 3.46831189 3.54405103]\n",
      " [2.96208647 2.8102282  2.59899002 2.83842001 2.26121957 3.52226281\n",
      "  3.90861073 2.7554432  3.34017565]\n",
      " [2.4603061  2.38610738 2.64181138 2.45916326 2.41640704 3.46831189\n",
      "  2.7554432  3.05724536 3.24840536]\n",
      " [2.8061546  2.67508476 3.66879903 3.69355943 2.77953299 3.54405103\n",
      "  3.34017565 3.24840536 4.61819035]]\n",
      " 0 [-0.297955210673 -0.284566165997 -0.323000681147 -0.330455234107 -0.272947940381 -0.385977881458\n",
      " -0.354819315268 -0.327123714834 -0.400410431190]\n",
      " 1 [-0.297955210673 -0.284566165997 -0.323000681147 -0.330455234107 -0.272947940381 -0.385977881458\n",
      " -0.354819315268 -0.327123714834 -0.400410431190]\n",
      " 0 [ 0.301905120836  0.292519733807 -0.463166703912 -0.218780233158 -0.250529808098  0.344829550684\n",
      "  0.412820229929  0.058077358526 -0.453245178386]\n",
      " 1 [ 0.301908618887  0.292526948968 -0.463174606644 -0.218757013902 -0.250577819900  0.344809039560\n",
      "  0.412828776105  0.058076262079 -0.453222742603]\n",
      " 2 [ 0.301908618887  0.292526948968 -0.463174606644 -0.218757013902 -0.250577819900  0.344809039560\n",
      "  0.412828776105  0.058076262079 -0.453222742603]\n",
      " 0 [ 0.064659698342  0.140312544704 -0.127360899528  0.644290892617 -0.599208425279 -0.238573853618\n",
      "  0.126017286563 -0.283054523471  0.181194701480]\n",
      " 1 [ 0.064702727683  0.140288838818 -0.127379654671  0.644307958409 -0.599235968131 -0.238557028376\n",
      "  0.125997832119 -0.282999447021  0.181154450780]\n",
      " 2 [ 0.064702727683  0.140288838819 -0.127379654672  0.644307958409 -0.599235968131 -0.238557028376\n",
      "  0.125997832120 -0.282999447021  0.181154450779]\n",
      " 0 [ 0.210366401743 -0.134544606825  0.153994237761 -0.216957771777  0.253916670521 -0.461943036499\n",
      "  0.641778472379 -0.418972734887  0.039699131837]\n",
      " 1 [-0.210366405078  0.134544608857 -0.153994236369  0.216957771560 -0.253916671954  0.461943038238\n",
      " -0.641778470381  0.418972733328 -0.039699133214]\n",
      " 0 [-0.767365379237  0.515490386850 -0.055759141611  0.092656787267  0.230195722297  0.000647902508\n",
      "  0.237626483007 -0.125292212932 -0.092578071515]\n",
      " 1 [-0.767365380519  0.515490387512 -0.055759139648  0.092656787386  0.230195720026  0.000647905705\n",
      "  0.237626480385 -0.125292210439 -0.092578073991]\n",
      " 0 [-0.208345244917  0.084569741579 -0.002805821118 -0.508614548607 -0.464192356092 -0.168662023381\n",
      "  0.192302138673  0.378691991769  0.516172865704]\n",
      " 1 [-0.208345234657  0.084569876882 -0.002805817253 -0.508614568305 -0.464192329314 -0.168662080889\n",
      "  0.192302100673  0.378691971818  0.516172862373]\n",
      " 0 [-0.286358999882 -0.447421978176  0.291083848725 -0.056381729674 -0.276983437747  0.611869201997\n",
      "  0.227396146361 -0.355194046893  0.030460248454]\n",
      " 1 [ 0.286359025931  0.447421902166 -0.291083920420  0.056381882967  0.276983546093 -0.611869158187\n",
      " -0.227396168363  0.355194007074 -0.030460346055]\n",
      " 0 [ 0.161303515602  0.480042281748  0.685505014758 -0.213012765710 -0.273697052310 -0.049720226212\n",
      " -0.209615046579 -0.169536066605 -0.279617411844]\n",
      " 1 [-0.161303515602 -0.480042281748 -0.685505014758  0.213012765710  0.273697052310  0.049720226212\n",
      "  0.209615046579  0.169536066605  0.279617411844]\n",
      " 0 [ 0.177075495250  0.303574565355 -0.288853101471 -0.254782010330  0.138051464519  0.237747113447\n",
      " -0.294663654271 -0.565667196002  0.495730594824]\n",
      " 1 [-0.177075495250 -0.303574565355  0.288853101471  0.254782010330 -0.138051464519 -0.237747113447\n",
      "  0.294663654271  0.565667196002 -0.495730594824]\n",
      "d == d_np True\n",
      "column 0: U[0] == U_np[0] ? True\n",
      "column 1: U[1] == U_np[1] ? True\n",
      "column 2: U[2] == U_np[2] ? True\n",
      "column 3: U[3] == U_np[3] ? True\n",
      "column 4: U[4] == U_np[4] ? True\n",
      "column 5: U[5] == U_np[5] ? True\n",
      "column 6: U[6] == U_np[6] ? True\n",
      "column 7: U[7] == U_np[7] ? True\n",
      "column 8: U[8] == U_np[8] ? True\n",
      "行列 A:\n",
      "[[1.1001906  0.64192207]\n",
      " [0.64192207 0.72760137]]\n",
      " 0 [ 0.799597954876  0.600535686332]\n",
      " 1 [ 0.799597964304  0.600535673778]\n",
      " 0 [ 0.600535686332 -0.799597954876]\n",
      " 1 [-0.600535673778  0.799597964304]\n",
      "d == d_np True\n",
      "column 0: U[0] == U_np[0] ? True\n",
      "column 1: U[1] == U_np[1] ? True\n",
      "行列 A:\n",
      "[[1.30882431 1.23957445 0.74142646 1.22662035 0.45107422]\n",
      " [1.23957445 1.99164298 0.90318529 1.28836886 0.4839389 ]\n",
      " [0.74142646 0.90318529 0.99894576 1.01241729 0.18435734]\n",
      " [1.22662035 1.28836886 1.01241729 1.59084735 0.3226313 ]\n",
      " [0.45107422 0.4839389  0.18435734 0.3226313  0.25052658]]\n",
      " 0 [-0.475609357414 -0.577356928074 -0.368615202509 -0.528935214737 -0.157496310545]\n",
      " 1 [ 0.475609357414  0.577356928074  0.368615202509  0.528935214737  0.157496310545]\n",
      " 0 [ 0.030953732897  0.670455798771 -0.515698758045 -0.473077305053  0.244506733463]\n",
      " 1 [ 0.030954007346  0.670457367490 -0.515691121851 -0.473085882166  0.244501907449]\n",
      " 2 [-0.030954007346 -0.670457367490  0.515691121851  0.473085882166 -0.244501907449]\n",
      " 0 [-0.652099538574  0.426759870533  0.532780098660 -0.165877993238 -0.285082553877]\n",
      " 1 [ 0.652096636369 -0.426784724256 -0.532763145145  0.165901116988  0.285070213342]\n",
      " 2 [ 0.652096636369 -0.426784724256 -0.532763145145  0.165901116988  0.285070213342]\n",
      " 0 [-0.323281959160  0.170425408757 -0.560495584770  0.618120114619 -0.412572633955]\n",
      " 1 [-0.323281959160  0.170425408757 -0.560495584770  0.618120114619 -0.412572633955]\n",
      " 0 [ 0.493048010124  0.077174316811  0.013915097962 -0.294655103454 -0.814820547480]\n",
      " 1 [ 0.493048010124  0.077174316811  0.013915097962 -0.294655103454 -0.814820547480]\n",
      "d == d_np True\n",
      "column 0: U[0] == U_np[0] ? True\n",
      "column 1: U[1] == U_np[1] ? True\n",
      "column 2: U[2] == U_np[2] ? True\n",
      "column 3: U[3] == U_np[3] ? True\n",
      "column 4: U[4] == U_np[4] ? True\n",
      "行列 A:\n",
      "[[2.90249636 1.90913382 2.39532027 2.53646883 3.16550789 2.05132674\n",
      "  1.90821746 1.28991366 1.88407897]\n",
      " [1.90913382 2.79999511 2.39520413 2.10867188 2.56181981 1.62311233\n",
      "  1.48131568 1.14969551 2.42677651]\n",
      " [2.39532027 2.39520413 3.58946753 2.08484956 2.85295222 1.47225423\n",
      "  2.198429   0.88634159 2.26578492]\n",
      " [2.53646883 2.10867188 2.08484956 2.71129651 2.75400812 1.71869859\n",
      "  1.6846658  1.32898563 2.16295715]\n",
      " [3.16550789 2.56181981 2.85295222 2.75400812 4.43956315 2.73034425\n",
      "  2.02914518 1.41617968 2.57008746]\n",
      " [2.05132674 1.62311233 1.47225423 1.71869859 2.73034425 2.28993539\n",
      "  1.21311306 0.87276646 1.33845487]\n",
      " [1.90821746 1.48131568 2.198429   1.6846658  2.02914518 1.21311306\n",
      "  1.67390263 0.74478423 1.63239603]\n",
      " [1.28991366 1.14969551 0.88634159 1.32898563 1.41617968 0.87276646\n",
      "  0.74478423 1.21621304 1.14937304]\n",
      " [1.88407897 2.42677651 2.26578492 2.16295715 2.57008746 1.33845487\n",
      "  1.63239603 1.14937304 3.17167076]]\n",
      " 0 [-0.365024864807 -0.335193213483 -0.370102809086 -0.345920721556 -0.450992015534 -0.279397460500\n",
      " -0.265465068441 -0.177734449541 -0.338004654831]\n",
      " 1 [ 0.365024864807  0.335193213483  0.370102809086  0.345920721556  0.450992015534  0.279397460500\n",
      "  0.265465068441  0.177734449541  0.338004654831]\n",
      " 0 [ 0.286594985184 -0.305876086668 -0.428635116451  0.077307220621  0.375739650619  0.499334198415\n",
      " -0.131963264022  0.081229731352 -0.469117432628]\n",
      " 1 [ 0.286595721923 -0.305876264549 -0.428634802257  0.077307128479  0.375739127008  0.499334410752\n",
      " -0.131963002783  0.081229310233 -0.469117508595]\n",
      " 0 [ 0.176477110100 -0.286192862919  0.626071343909 -0.204429063386  0.040715418498 -0.040986717897\n",
      "  0.322557384461 -0.348785151961 -0.473456334161]\n",
      " 1 [ 0.176478005468 -0.286194092205  0.626071096512 -0.204428740437  0.040715353853 -0.040986747551\n",
      "  0.322557257717 -0.348784284384 -0.473456452396]\n",
      " 0 [-0.382091454352  0.309752615251  0.070470429869 -0.501250081098  0.370679371400  0.381244553419\n",
      " -0.225200762170 -0.393752385297  0.115476328601]\n",
      " 1 [ 0.382091165418 -0.309753341905 -0.070473620337  0.501250341819 -0.370677928116 -0.381244525058\n",
      "  0.225201077065  0.393752951001 -0.115474440198]\n",
      " 2 [-0.382091165418  0.309753341905  0.070473620337 -0.501250341819  0.370677928116  0.381244525058\n",
      " -0.225201077065 -0.393752951001  0.115474440198]\n",
      " 0 [-0.044142851516  0.642650090196  0.160120350860  0.064754493157 -0.323456923961  0.171470746839\n",
      " -0.149716909692  0.275059315411 -0.568437525473]\n",
      " 1 [-0.044141372885  0.642650579380  0.160120574553  0.064753181679 -0.323454435230  0.171467099486\n",
      " -0.149718959705  0.275061237985 -0.568438219753]\n",
      " 2 [-0.044141372885  0.642650579380  0.160120574553  0.064753181679 -0.323454435230  0.171467099486\n",
      " -0.149718959705  0.275061237985 -0.568438219753]\n",
      " 0 [-0.068256383931 -0.098978293414  0.195001543886 -0.366958700544  0.446347731162 -0.387987080653\n",
      " -0.224841063317  0.634757768983 -0.098126818750]\n",
      " 1 [-0.068253152172 -0.098983813651  0.194998707081 -0.366970747792  0.446342089220 -0.387980047261\n",
      " -0.224830063841  0.634764372886 -0.098120038639]\n",
      " 2 [-0.068253152172 -0.098983813650  0.194998707081 -0.366970747792  0.446342089220 -0.387980047261\n",
      " -0.224830063841  0.634764372886 -0.098120038639]\n",
      " 0 [ 0.008847475313 -0.169120246490  0.004845329569 -0.479635774326 -0.368329053018  0.478248612170\n",
      "  0.397094499893  0.419794840756  0.207234974524]\n",
      " 1 [-0.008847327675  0.169120291585 -0.004845272974  0.479635800067  0.368328917865 -0.478248540747\n",
      " -0.397094544139 -0.419794907764 -0.207235070293]\n",
      " 2 [ 0.008847327675 -0.169120291585  0.004845272974 -0.479635800067 -0.368328917865  0.478248540747\n",
      "  0.397094544139  0.419794907764  0.207235070293]\n",
      " 0 [ 0.672498212171  0.350902154794 -0.311912047672 -0.459701692755 -0.017519469039 -0.282184213108\n",
      "  0.075360574011 -0.172385589243  0.025849393916]\n",
      " 1 [ 0.672454343621  0.350925056191 -0.311950416027 -0.459700930768 -0.017487967613 -0.282203677595\n",
      "  0.075441323984 -0.172382478592  0.025824328164]\n",
      " 2 [ 0.672454343621  0.350925056191 -0.311950416027 -0.459700930768 -0.017487967614 -0.282203677595\n",
      "  0.075441323983 -0.172382478592  0.025824328165]\n",
      " 0 [ 0.385554669598 -0.204135983756  0.348342820932 -0.032962835588 -0.276676561831  0.193065303467\n",
      " -0.721805586971 -0.024356385046  0.227653590611]\n",
      " 1 [-0.385488679600  0.204165125708 -0.348374704968  0.032916507513  0.276677413067 -0.193092822991\n",
      "  0.721814074999  0.024339759924 -0.227647613308]\n",
      " 2 [ 0.385488679601 -0.204165125708  0.348374704968 -0.032916507514 -0.276677413067  0.193092822990\n",
      " -0.721814074998 -0.024339759924  0.227647613308]\n",
      "d == d_np True\n",
      "column 0: U[0] == U_np[0] ? True\n",
      "column 1: U[1] == U_np[1] ? True\n",
      "column 2: U[2] == U_np[2] ? True\n",
      "column 3: U[3] == U_np[3] ? True\n",
      "column 4: U[4] == U_np[4] ? True\n",
      "column 5: U[5] == U_np[5] ? True\n",
      "column 6: U[6] == U_np[6] ? True\n",
      "column 7: U[7] == U_np[7] ? True\n",
      "column 8: U[8] == U_np[8] ? True\n",
      "行列 A:\n",
      "[[2.96873067 2.62534777 2.05193672 2.36175482 1.77890237 2.90793659\n",
      "  1.12685562 1.76179905]\n",
      " [2.62534777 3.52455    2.23539246 2.40644576 1.27870633 3.33621854\n",
      "  1.15300062 1.83851501]\n",
      " [2.05193672 2.23539246 2.71467565 2.282685   1.65225604 2.44172527\n",
      "  1.47037814 2.05899364]\n",
      " [2.36175482 2.40644576 2.282685   2.45372523 1.48861134 2.59351893\n",
      "  1.48208783 1.85143739]\n",
      " [1.77890237 1.27870633 1.65225604 1.48861134 1.69788745 1.66955358\n",
      "  0.81702698 1.16089932]\n",
      " [2.90793659 3.33621854 2.44172527 2.59351893 1.66955358 3.47665335\n",
      "  1.35867389 1.87697587]\n",
      " [1.12685562 1.15300062 1.47037814 1.48208783 0.81702698 1.35867389\n",
      "  1.27597248 1.07890382]\n",
      " [1.76179905 1.83851501 2.05899364 1.85143739 1.16089932 1.87697587\n",
      "  1.07890382 1.87444167]]\n",
      " 0 [-0.393792025611 -0.419551972723 -0.369995284145 -0.373993037422 -0.251184428789 -0.443740865803\n",
      " -0.210249816650 -0.296533508677]\n",
      " 1 [-0.393792025611 -0.419551972723 -0.369995284145 -0.373993037422 -0.251184428789 -0.443740865803\n",
      " -0.210249816650 -0.296533508677]\n",
      " 0 [ 0.171739436340  0.559947785459 -0.442301810049 -0.148051492186 -0.306597567813  0.356332494445\n",
      " -0.356021237381 -0.302800051852]\n",
      " 1 [-0.171739439808 -0.559947788263  0.442301807316  0.148051496146  0.306597564908 -0.356332488461\n",
      "  0.356021244228  0.302800048686]\n",
      " 0 [-0.527399818112  0.318016745424  0.215485417678  0.090730625311 -0.653076952165 -0.012893137701\n",
      "  0.292040636446  0.232562460641]\n",
      " 1 [-0.527399815617  0.318016747635  0.215485414375  0.090730620395 -0.653076955173 -0.012893133691\n",
      "  0.292040635451  0.232562461280]\n",
      " 0 [ 0.122794082937 -0.177887757057 -0.333539914701  0.341621707380 -0.118165251634  0.116518997455\n",
      "  0.681269887487 -0.483378661480]\n",
      " 1 [ 0.122808442139 -0.177887323665 -0.333545677589  0.341626881917 -0.118174549304  0.116508215005\n",
      "  0.681267174170 -0.483371689555]\n",
      " 2 [ 0.122808442139 -0.177887323665 -0.333545677589  0.341626881917 -0.118174549304  0.116508215005\n",
      "  0.681267174170 -0.483371689555]\n",
      " 0 [-0.499626374715  0.165603916289  0.352500464401 -0.251561156134  0.406215254100  0.291450664030\n",
      "  0.077602284896 -0.528614036016]\n",
      " 1 [ 0.499641690854 -0.165615668629 -0.352499723364  0.251557082151 -0.406211160555 -0.291445118370\n",
      " -0.077606037915  0.528603962727]\n",
      " 2 [-0.499641690854  0.165615668629  0.352499723364 -0.251557082151  0.406211160555  0.291445118370\n",
      "  0.077606037915 -0.528603962727]\n",
      " 0 [ 0.295550982963 -0.345201500041  0.207988908811 -0.641891335115 -0.302656293306  0.433939332617\n",
      "  0.221603317128  0.095861682243]\n",
      " 1 [-0.295550983452  0.345201499552 -0.207988909106  0.641891335522  0.302656293469 -0.433939331715\n",
      " -0.221603317251 -0.095861682414]\n",
      " 0 [-0.004539992795  0.399910259625 -0.361706254775 -0.471356500056  0.330566659921 -0.275121559442\n",
      "  0.470487655629  0.284109106865]\n",
      " 1 [-0.004539992775  0.399910259560 -0.361706254762 -0.471356500152  0.330566659882 -0.275121559343\n",
      "  0.470487655665  0.284109106894]\n",
      " 0 [-0.430334883332 -0.266711874908 -0.459825034215  0.125644689852  0.191172505565  0.559861886161\n",
      " -0.056052042156  0.404124886516]\n",
      " 1 [ 0.430334883332  0.266711874908  0.459825034215 -0.125644689852 -0.191172505565 -0.559861886161\n",
      "  0.056052042156 -0.404124886516]\n",
      "d == d_np True\n",
      "column 0: U[0] == U_np[0] ? True\n",
      "column 1: U[1] == U_np[1] ? True\n",
      "column 2: U[2] == U_np[2] ? True\n",
      "column 3: U[3] == U_np[3] ? True\n",
      "column 4: U[4] == U_np[4] ? True\n",
      "column 5: U[5] == U_np[5] ? True\n",
      "column 6: U[6] == U_np[6] ? True\n",
      "column 7: U[7] == U_np[7] ? True\n",
      "行列 A:\n",
      "[[2.57527678 0.98848097 0.69410492 0.81165362 1.39612255 1.94634052]\n",
      " [0.98848097 1.40973282 0.63734411 0.94242302 1.47969984 0.85742539]\n",
      " [0.69410492 0.63734411 1.21782088 0.50418876 0.48031424 1.2209468 ]\n",
      " [0.81165362 0.94242302 0.50418876 0.97068744 0.97080166 0.67904005]\n",
      " [1.39612255 1.47969984 0.48031424 0.97080166 1.80645571 1.04522583]\n",
      " [1.94634052 0.85742539 1.2209468  0.67904005 1.04522583 2.13640202]]\n",
      " 0 [ 0.536714920444  0.367526742615  0.272033784412  0.280595765381  0.431451994423  0.487825789327]\n",
      " 1 [ 0.536714920444  0.367526742615  0.272033784412  0.280595765381  0.431451994423  0.487825789327]\n",
      " 0 [ 0.312354756607 -0.486120332233  0.259409873749 -0.310905246156 -0.501692434215  0.500470454054]\n",
      " 1 [ 0.312360869594 -0.486121720469  0.259409720005 -0.310904889799 -0.501691825813  0.500466201269]\n",
      " 2 [ 0.312360869594 -0.486121720469  0.259409720005 -0.310904889799 -0.501691825813  0.500466201269]\n",
      " 0 [ 0.600154306202 -0.192693761014 -0.730515356711 -0.167184913467  0.145930293256 -0.140658419737]\n",
      " 1 [-0.600153262548  0.192689091986  0.730516594485  0.167183544746 -0.145931584829  0.140663127293]\n",
      " 2 [-0.600153262548  0.192689091986  0.730516594485  0.167183544746 -0.145931584829  0.140663127293]\n",
      " 0 [ 0.195408820278 -0.184846712723 -0.034853202063  0.849148797105 -0.418039192248 -0.174991126001]\n",
      " 1 [ 0.195408820278 -0.184846712723 -0.034853202063  0.849148797105 -0.418039192248 -0.174991126001]\n",
      " 0 [ 0.456159310880  0.360651351216  0.399233617118 -0.270580325526 -0.281500444593 -0.591612704443]\n",
      " 1 [-0.456159310880 -0.360651351216 -0.399233617118  0.270580325526  0.281500444593  0.591612704443]\n",
      " 0 [ 0.088982688357 -0.653638260693  0.405521264247  0.048851163028  0.535592377100 -0.333385631120]\n",
      " 1 [ 0.088982688357 -0.653638260693  0.405521264247  0.048851163028  0.535592377100 -0.333385631120]\n",
      "d == d_np True\n",
      "column 0: U[0] == U_np[0] ? True\n",
      "column 1: U[1] == U_np[1] ? True\n",
      "column 2: U[2] == U_np[2] ? True\n",
      "column 3: U[3] == U_np[3] ? True\n",
      "column 4: U[4] == U_np[4] ? True\n",
      "column 5: U[5] == U_np[5] ? True\n",
      "行列 A:\n",
      "[[1.01810834 1.3002814  1.09085454]\n",
      " [1.3002814  2.29691405 1.82821367]\n",
      " [1.09085454 1.82821367 1.48739817]]\n",
      " 0 [ 0.430665421200  0.701601257013  0.567699719166]\n",
      " 1 [ 0.430665421216  0.701601257062  0.567699719093]\n",
      " 0 [-0.889497262093  0.436403726812  0.135448912708]\n",
      " 1 [-0.889497261961  0.436403727265  0.135448912111]\n",
      " 0 [ 0.152715146382  0.563300508534 -0.812016392169]\n",
      " 1 [ 0.152715146375  0.563300508537 -0.812016392168]\n",
      "d == d_np True\n",
      "column 0: U[0] == U_np[0] ? True\n",
      "column 1: U[1] == U_np[1] ? True\n",
      "column 2: U[2] == U_np[2] ? True\n",
      "行列 A:\n",
      "[[1.41011503 1.15671121 0.9768074  0.99145468]\n",
      " [1.15671121 1.17402516 0.65667825 0.75578403]\n",
      " [0.9768074  0.65667825 0.93480834 0.57877872]\n",
      " [0.99145468 0.75578403 0.57877872 0.84056404]]\n",
      " 0 [-0.613910509748 -0.511484300197 -0.422274857614 -0.427997244501]\n",
      " 1 [-0.613910509748 -0.511484300197 -0.422274857614 -0.427997244501]\n",
      " 0 [-0.036000306035  0.560015396346 -0.807986606518  0.179567194966]\n",
      " 1 [-0.035996724304  0.560008705899 -0.807989999325  0.179573511821]\n",
      " 2 [ 0.035996724304 -0.560008705899  0.807989999325 -0.179573511821]\n",
      " 0 [ 0.067541531969 -0.564651880482 -0.218114730465  0.793115602975]\n",
      " 1 [-0.067541711496  0.564661205536  0.218102327796 -0.793112359493]\n",
      " 2 [ 0.067541711496 -0.564661205536 -0.218102327796  0.793112359493]\n",
      " 0 [ 0.785656565599 -0.325471631533 -0.348234806169 -0.394391300323]\n",
      " 1 [-0.785656565599  0.325471631532  0.348234806169  0.394391300323]\n",
      "d == d_np True\n",
      "column 0: U[0] == U_np[0] ? True\n",
      "column 1: U[1] == U_np[1] ? True\n",
      "column 2: U[2] == U_np[2] ? True\n",
      "column 3: U[3] == U_np[3] ? True\n"
     ]
    }
   ],
   "source": [
    "#main\n",
    "#実行\n",
    "for i in tqdm(range(10)):\n",
    "    n = rng.integers(low = 2, high = 10)\n",
    "    A = rng.random(size=(n, n))\n",
    "\n",
    "    #対称行列\n",
    "    A = A.T @ A\n",
    "    print(\"行列 A:\")\n",
    "    print(A)\n",
    "\n",
    "    d, U = eigh_via_qr_rayleigh(A)\n",
    "    eigvals_np, eigvecs_np = np.linalg.eigh(A)\n",
    "\n",
    "\n",
    "    with np.printoptions(formatter={'float': '{: 12.8f}'.format}, suppress=True, linewidth=100):\n",
    "        d_np, U_np = np.linalg.eigh(A)\n",
    "        U_np = U_np[:, ::-1]\n",
    "        d_np = d_np[::-1]\n",
    "\n",
    "        # print(\"d_np\", d_np)\n",
    "        # print(\"d   \", d)\n",
    "        print(\"d == d_np\", np.allclose(d, d_np))\n",
    "\n",
    "        # print(\"U_np\\n\", U_np, sep='')\n",
    "        # print(\"U\\n\", U, sep='')\n",
    "\n",
    "        for i in range(len(U)):\n",
    "            print(\n",
    "                f\"column {i}: U[{i}] == U_np[{i}] ?\",\n",
    "                np.allclose(U[:, i], U_np[:, i]) or np.allclose(U[:, i], -U_np[:, i])\n",
    "            )\n",
    "\n"
   ]
  },
  {
   "cell_type": "markdown",
   "metadata": {},
   "source": [
    "## 課題05-3"
   ]
  },
  {
   "cell_type": "code",
   "execution_count": null,
